date,close,open,low,high,pctChg,volume,isST
2019-01-02,3.1951219500,3.2090440500,3.1672777500,3.2299272000,-0.217386,3415141,0
2019-01-03,3.1881609000,3.1951219500,3.1811998500,3.2368882500,-0.217870,3205969,0
2019-01-04,3.2368882500,3.1394335500,3.1324725000,3.2716935000,1.528388,6354280,0
2019-01-07,3.2995377000,3.2786545500,3.2508103500,3.3064987500,1.935477,4882214,0
2019-01-08,3.2925766500,3.3064987500,3.2786545500,3.3273819000,-0.210965,4442513,0
2019-01-09,3.4387587000,3.3064987500,3.2925766500,3.4944471000,4.439747,16332872,0
2019-01-10,3.4039534500,3.4387587000,3.3830703000,3.4666029000,-1.012150,6801335,0
2019-01-11,3.4735639500,3.4178755500,3.4109145000,3.5083692000,2.044988,8844624,0
2019-01-14,3.4526808000,3.4735639500,3.4248366000,3.4874860500,-0.601197,4379067,0
2019-01-15,3.5014081500,3.5153302500,3.4596418500,3.5222913000,1.411294,6363808,0
2019-01-16,3.4944471000,3.5014081500,3.4735639500,3.5362134000,-0.198812,6716668,0
2019-01-17,3.4735639500,3.5083692000,3.4457197500,3.5222913000,-0.597614,5118068,0
2019-01-18,3.5014081500,3.4735639500,3.4666029000,3.5083692000,0.801612,5589268,0
2019-01-21,3.5014081500,3.5153302500,3.4805250000,3.5362134000,0.000000,4592802,0
2019-01-22,3.4805250000,3.5222913000,3.4666029000,3.5222913000,-0.596426,5928372,0
2019-01-23,3.4735639500,3.4735639500,3.4596418500,3.4944471000,-0.200005,3426492,0
2019-01-24,3.4596418500,3.4735639500,3.4387587000,3.4874860500,-0.400801,3752210,0
2019-01-25,3.4039534500,3.4666029000,3.4039534500,3.4874860500,-1.609656,4476979,0
2019-01-28,3.4178755500,3.4387587000,3.4039534500,3.4596418500,0.408998,3649629,0
2019-01-29,3.3413040000,3.4317976500,3.3064987500,3.4317976500,-2.240319,7125109,0
2019-01-30,3.3830703000,3.3621871500,3.3413040000,3.4248366000,1.249999,8509105,0
2019-01-31,3.3343429500,3.3900313500,3.3064987500,3.4109145000,-1.440333,5181750,0
2019-02-01,3.4178755500,3.3552261000,3.3552261000,3.4317976500,2.505217,6541907,0
2019-02-11,3.5988628500,3.4109145000,3.4109145000,3.7589670000,5.295321,13227197,0
2019-02-12,3.6545512500,3.5779797000,3.5431744500,3.6754344000,1.547387,15416992,0
2019-02-13,3.7032786000,3.6406291500,3.6267070500,3.7868112000,1.333337,16125053,0
2019-02-14,3.7520059500,3.7172007000,3.6963175500,3.7868112000,1.315784,11394192,0
2019-02-15,3.7102396500,3.7241617500,3.6963175500,3.7520059500,-1.113171,8321266,0
2019-02-18,3.8564217000,3.7589670000,3.7380838500,3.8633827500,3.939963,15766082,0
2019-02-19,4.0513311000,4.0374090000,3.9677985000,4.2323184000,5.054155,48036584,0
2019-02-20,3.9677985000,4.0374090000,3.9121101000,4.0374090000,-2.061862,19487564,0
2019-02-21,3.8842659000,3.9260322000,3.8703438000,3.9956427000,-2.105261,16293581,0
2019-02-22,3.9747595500,3.8842659000,3.8633827500,3.9747595500,2.329751,11486874,0
2019-02-25,4.1418247500,3.9956427000,3.9956427000,4.1696689500,4.203148,32026222,0
2019-02-26,4.0652532000,4.1418247500,4.0582921500,4.1557468500,-1.848734,22937144,0
2019-02-27,4.0722142500,4.0582921500,4.0513311000,4.1279026500,0.171229,16113253,0
2019-02-28,4.1418247500,4.0722142500,4.0722142500,4.1975131500,1.709400,15969063,0
2019-03-01,4.1279026500,4.1279026500,4.0582921500,4.1557468500,-0.336134,14152579,0
2019-03-04,4.1627079000,4.1557468500,4.1348637000,4.2601626000,0.843174,25490450,0
2019-03-05,4.2183963000,4.1627079000,4.1627079000,4.2323184000,1.337791,13785572,0
2019-03-06,4.2601626000,4.2462405000,4.1766300000,4.3019289000,0.990098,21031124,0
2019-03-07,4.3088899500,4.2601626000,4.1975131500,4.3297731000,1.143794,20198739,0
2019-03-08,4.0791753000,4.2462405000,4.0443700500,4.2601626000,-5.331178,23436548,0
2019-03-11,4.1627079000,4.0722142500,4.0652532000,4.1766300000,2.047780,15463921,0
2019-03-12,4.1975131500,4.2044742000,4.1418247500,4.2671236500,0.836124,20578032,0
2019-03-13,4.1766300000,4.2044742000,4.1487858000,4.2810457500,-0.497516,23406334,0
2019-03-14,4.0861363500,4.1905521000,4.0443700500,4.2323184000,-2.166668,14833418,0
2019-03-15,4.2671236500,4.1070195000,4.0930974000,4.3854615000,4.429306,26936475,0
2019-03-18,4.4411499000,4.2740847000,4.2323184000,4.4968383000,4.078303,29840164,0
2019-03-19,4.4063446500,4.4272278000,4.3715394000,4.5177214500,-0.783702,16697686,0
2019-03-20,4.4481109500,4.4133057000,4.3645783500,4.4829162000,0.947866,17371403,0
2019-03-21,4.6499814000,4.4689941000,4.4620330500,4.7683192500,4.538341,26824231,0
2019-03-22,4.7265529500,4.6360593000,4.6012540500,4.7543971500,1.646709,17689786,0
2019-03-25,4.7613582000,4.6708645500,4.6360593000,4.8309687000,0.736380,19546194,0
2019-03-26,4.5594877500,4.7961634500,4.5316435500,4.8240076500,-4.239766,20609239,0
2019-03-27,4.5942930000,4.6430203500,4.5107604000,4.6499814000,0.763354,13645310,0
2019-03-28,4.6360593000,4.5664488000,4.5455656500,4.7126308500,0.909090,14214158,0
2019-03-29,4.8170466000,4.6360593000,4.6082151000,4.8657739500,3.903908,25781511,0
2019-04-01,5.1511770000,4.8588129000,4.8588129000,5.1720601500,6.936416,32653084,0
2019-04-02,5.2625538000,5.3182422000,5.2138264500,5.6036452500,2.162160,49686047,0
2019-04-03,5.5270737000,5.2764759000,5.2695148500,5.5688400000,5.026457,38915668,0
2019-04-04,5.4644242500,5.5897231500,5.3739306000,5.5897231500,-1.133503,30990144,0
2019-04-08,5.4713853000,5.5270737000,5.4365800500,5.6941389000,0.127391,29098119,0
2019-04-09,5.5688400000,5.4713853000,5.4505021500,5.6662947000,1.781169,17017258,0
2019-04-10,5.5270737000,5.5409958000,5.4713853000,5.5966842000,-0.749999,13643842,0
2019-04-11,5.5549179000,5.5270737000,5.4992295000,5.6593336500,0.503778,19206502,0
2019-04-12,5.4644242500,5.5688400000,5.3808916500,5.5897231500,-1.629074,19191898,0
2019-04-15,5.4017748000,5.5618789500,5.4017748000,5.6384505000,-1.146493,20639491,0
2019-04-16,5.4783463500,5.4713853000,5.3321643000,5.5479568500,1.417521,20291229,0
2019-04-17,5.4644242500,5.5409958000,5.4365800500,5.5479568500,-0.254129,16788982,0
2019-04-18,5.3878527000,5.4713853000,5.3530474500,5.4853074000,-1.401276,11043769,0
2019-04-19,5.4087358500,5.4087358500,5.3321643000,5.4574632000,0.387600,10067142,0
2019-04-22,5.2834369500,5.4435411000,5.2555927500,5.4644242500,-2.316600,14851968,0
2019-04-23,5.1720601500,5.2764759000,5.0467612500,5.2903980000,-2.108041,26476797,0
2019-04-24,5.1442159500,5.1720601500,5.0676444000,5.2416706500,-0.538358,15633479,0
2019-04-25,4.9353844500,5.1581380500,4.9075402500,5.1929433000,-4.059536,16199351,0
2019-04-26,4.9841118000,4.9632286500,4.9284234000,5.0537223000,0.987302,14923359,0
2019-04-29,4.8936181500,4.9632286500,4.7683192500,5.0467612500,-1.815637,13730750,0
2019-04-30,4.9075402500,4.9701897000,4.8379297500,4.9910728500,0.284495,11412838,0
2019-05-06,4.5316435500,4.7822413500,4.4550720000,4.8100855500,-7.659574,19185053,0
2019-05-07,4.7195919000,4.5594877500,4.5455656500,4.7335140000,4.147465,14515237,0
2019-05-08,4.6290982500,4.6290982500,4.5594877500,4.7335140000,-1.917406,11953008,0
2019-05-09,4.5316435500,4.5734098500,4.5246825000,4.6708645500,-2.105261,7750486,0
2019-05-10,4.7265529500,4.6430203500,4.4898772500,4.7613582000,4.301071,12769380,0
2019-05-13,4.6987087500,4.6639035000,4.6499814000,4.7404750500,-0.589101,8170333,0
2019-05-14,4.6430203500,4.6290982500,4.6151761500,4.6847866500,-1.185184,9560948,0
2019-05-15,4.7056698000,4.6569424500,4.6569424500,4.7543971500,1.349328,8834903,0
2019-05-16,4.7683192500,4.7265529500,4.6708645500,4.8031245000,1.331356,7580199,0
2019-05-17,4.7126308500,4.7474361000,4.6708645500,4.8240076500,-1.167882,10501218,0
2019-05-20,4.6151761500,4.7265529500,4.5455656500,4.7335140000,-2.067945,7007189,0
2019-05-21,4.6569424500,4.6082151000,4.6012540500,4.6847866500,0.904976,5893462,0
2019-05-22,4.5873319500,4.6847866500,4.5803709000,4.6847866500,-1.494767,5755438,0
2019-05-23,4.4620330500,4.5873319500,4.4411499000,4.6012540500,-2.731416,10700923,0
2019-05-24,4.5316435500,4.4620330500,4.4620330500,4.5594877500,1.560068,6392548,0
2019-05-27,4.6360593000,4.5386046000,4.5037993500,4.6708645500,2.304142,8213487,0
2019-05-28,4.5873319500,4.6708645500,4.5664488000,4.6708645500,-1.051046,6084731,0
2019-05-29,4.5594877500,4.5594877500,4.5455656500,4.6012540500,-0.606980,4026425,0
2019-05-30,4.5386046000,4.5386046000,4.4968383000,4.5594877500,-0.458018,5175946,0
2019-05-31,4.5455656500,4.5386046000,4.5037993500,4.5803709000,0.153378,3781614,0
2019-06-03,4.5246825000,4.5386046000,4.4829162000,4.5873319500,-0.459421,5263208,0
2019-06-04,4.4272278000,4.5246825000,4.3854615000,4.5455656500,-2.153844,6197208,0
2019-06-05,4.3854615000,4.4759551500,4.3854615000,4.4829162000,-0.943395,6946809,0
2019-06-06,4.2462405000,4.3854615000,4.2392794500,4.4063446500,-3.174608,10471681,0
2019-06-10,4.2810457500,4.2671236500,4.2601626000,4.3367341500,0.819675,6021219,0
2019-06-11,4.4481109500,4.2880068000,4.2253573500,4.4481109500,3.902435,7583365,0
2019-06-12,4.4341888500,4.4829162000,4.4202667500,4.5107604000,-0.312989,7329041,0
2019-06-13,4.4898772500,4.4550720000,4.4063446500,4.5107604000,1.255886,6866410,0
2019-06-14,4.5803709000,4.5386046000,4.5246825000,4.6290982500,2.015506,15151413,0
2019-06-17,4.6290982500,4.3506562500,4.3506562500,4.6290982500,1.063832,10303274,0
2019-06-18,4.6639035000,4.6082151000,4.6082151000,4.6987087500,0.751875,7585326,0
2019-06-19,4.7195919000,4.7404750500,4.6917477000,4.8240076500,1.194036,10190687,0
2019-06-20,4.7195881400,4.7195881400,4.6913834300,4.8042022700,0.000000,16803213,0
2019-06-21,4.7571944200,4.7571944200,4.7383912800,4.8418085500,0.796812,11909921,0
2019-06-24,4.7571944200,4.8042022700,4.7195881400,4.8136038400,0.000000,8852393,0
2019-06-25,4.7571944200,4.7571944200,4.6913834300,4.7853991300,0.000000,9526945,0
2019-06-26,4.7007850000,4.7571944200,4.6819818600,4.7571944200,-1.185770,6837207,0
2019-06-27,4.7007850000,4.7383912800,4.6631787200,4.7571944200,0.000000,7444304,0
2019-06-28,4.6443755800,4.7195881400,4.6255724400,4.7289897100,-1.199999,7056683,0
2019-07-01,4.7383912800,4.7289897100,4.7007850000,4.7853991300,2.024290,9061258,0
2019-07-02,4.7383912800,4.7571944200,4.7195881400,4.7665959900,0.000000,6532442,0
2019-07-03,4.8512101200,4.7571944200,4.7195881400,5.0016352400,2.380950,20815383,0
2019-07-04,5.0110368100,4.9640289600,4.8136038400,5.0956509400,3.294575,19789534,0
2019-07-05,5.0016352400,5.0392415200,4.9358242500,5.0392415200,-0.187613,10284105,0
2019-07-08,4.8982179700,4.9922336700,4.8418085500,5.0862493700,-2.067672,16570906,0
2019-07-09,4.9734305300,4.9264226800,4.8700132600,5.0204383800,1.535507,9902600,0
2019-07-10,4.9734305300,4.9734305300,4.9358242500,5.0204383800,0.000000,7514416,0
2019-07-11,5.0298399500,5.0110368100,4.9546273900,5.0768478000,1.134214,8248951,0
2019-07-12,5.0298399500,5.0016352400,4.9734305300,5.0580446600,0.000000,4743472,0
2019-07-15,5.0298399500,5.0204383800,4.9076195400,5.0768478000,0.000000,8135168,0
2019-07-16,5.0862493700,5.0204383800,5.0110368100,5.1238556500,1.121494,7993797,0
2019-07-17,5.0204383800,5.1050525100,5.0110368100,5.1144540800,-1.293895,6167801,0
2019-07-18,5.0110368100,5.0298399500,4.9828321000,5.0486430900,-0.187270,6072554,0
2019-07-19,5.0768478000,5.0298399500,5.0110368100,5.1520603600,1.313324,7728773,0
2019-07-22,5.0110368100,5.0862493700,4.9922336700,5.1332572200,-1.296299,6563562,0
2019-07-23,5.2836823400,5.0204383800,4.9640289600,5.3212886200,5.440900,29218350,0
2019-07-24,5.3024854800,5.2460760600,5.2178713500,5.3306901900,0.355872,19302916,0
2019-07-25,5.2742807700,5.3212886200,5.2272729200,5.3212886200,-0.531910,10558272,0
2019-07-26,5.2836823400,5.2648792000,5.2084697800,5.3024854800,0.178200,6964768,0
2019-07-29,5.3965011800,5.2836823400,5.2460760600,5.5093200200,2.135229,21326142,0
2019-07-30,5.3494933300,5.3870996100,5.3400917600,5.4435090300,-0.871100,12817624,0
2019-07-31,5.3118870500,5.3212886200,5.2648792000,5.3400917600,-0.703000,9080305,0
2019-08-01,5.2084697800,5.2930839100,5.1896666400,5.2930839100,-1.946900,7861753,0
2019-08-02,5.0956509400,5.0862493700,4.9640289600,5.1238556500,-2.166100,13242942,0
2019-08-05,4.8888164000,5.0956509400,4.8606116900,5.0956509400,-4.059000,15105886,0
2019-08-06,4.8042022700,4.7948007000,4.7477928500,4.8888164000,-1.730800,18477237,0
2019-08-07,5.1144540800,4.8700132600,4.8230054100,5.2366744900,6.457900,26991339,0
2019-08-08,5.0862493700,5.1332572200,5.0768478000,5.1802650700,-0.551500,12788075,0
2019-08-09,5.0016352400,5.1426587900,4.9828321000,5.1520603600,-1.663600,8412139,0
2019-08-12,4.9922336700,4.9922336700,4.9452258200,5.0674462300,-0.188000,7445563,0
2019-08-13,4.9358242500,4.9922336700,4.8794148300,5.0204383800,-1.129900,7589654,0
2019-08-14,4.9922336700,5.0016352400,4.9358242500,5.0674462300,1.142900,7187436,0
2019-08-15,5.0016352400,4.9076195400,4.8700132600,5.0204383800,0.188300,5679849,0
2019-08-16,5.0204383800,5.0110368100,4.9734305300,5.0674462300,0.375900,5415989,0
2019-08-19,5.4059027500,5.2648792000,5.2178713500,5.4341074600,7.677900,42917692,0
2019-08-20,5.3306901900,5.3494933300,5.3212886200,5.5281231600,-1.391300,27509936,0
2019-08-21,5.6409420000,5.3494933300,5.3306901900,5.7255561300,5.820100,52797839,0
2019-08-22,5.6597451400,5.7161545600,5.6127372900,5.7255561300,0.333300,28719422,0
2019-08-23,5.5657294400,5.7067529900,5.4905168800,5.7067529900,-1.661100,19138512,0
2019-08-26,5.4717137400,5.4999184500,5.4059027500,5.5187215900,-1.689200,18095707,0
2019-08-27,5.3400917600,5.4717137400,5.3306901900,5.5187215900,-2.405500,31822212,0
2019-08-28,5.2836823400,5.3400917600,5.2742807700,5.4247058900,-1.056300,17817341,0
2019-08-29,5.3118870500,5.2836823400,5.2178713500,5.3682964700,0.533800,18167798,0
2019-08-30,5.2272729200,5.3306901900,5.1802650700,5.3588949000,-1.592900,17902228,0
2019-09-02,5.2836823400,5.2648792000,5.2084697800,5.3306901900,1.079100,14839180,0
2019-09-03,5.2272729200,5.3118870500,5.2084697800,5.4059027500,-1.067600,24769464,0
2019-09-04,5.3306901900,5.2272729200,5.2084697800,5.3682964700,1.978400,17144678,0
2019-09-05,5.3024854800,5.4059027500,5.2930839100,5.4247058900,-0.529100,23181606,0
2019-09-06,5.2272729200,5.3118870500,5.2084697800,5.3400917600,-1.418400,15124560,0
2019-09-09,5.2460760600,5.2836823400,5.2084697800,5.2836823400,0.359700,15836621,0
2019-09-10,5.1802650700,5.2460760600,5.1520603600,5.2554776300,-1.254500,13797463,0
2019-09-11,5.1426587900,5.1990682100,5.1144540800,5.2084697800,-0.726000,12094094,0
2019-09-12,5.1990682100,5.1520603600,5.1520603600,5.2460760600,1.096900,15075305,0
2019-09-16,5.1708635000,5.2178713500,5.1614619300,5.2272729200,-0.542500,9003550,0
2019-09-17,5.0580446600,5.1708635000,5.0204383800,5.1802650700,-2.181800,13667553,0
2019-09-18,5.0392415200,5.0674462300,4.9922336700,5.0956509400,-0.371700,6196759,0
2019-09-19,5.0486430900,5.0392415200,4.9922336700,5.0674462300,0.186600,6071986,0
2019-09-20,5.1144540800,5.0486430900,5.0486430900,5.1426587900,1.303500,8670290,0
2019-09-23,5.0768478000,5.1050525100,5.0016352400,5.1050525100,-0.735300,6835906,0
2019-09-24,5.0298399500,5.0486430900,5.0110368100,5.0768478000,-0.925900,6241173,0
2019-09-25,4.9452258200,5.0580446600,4.9452258200,5.0674462300,-1.682200,10152586,0
2019-09-26,4.8794148300,4.9640289600,4.8700132600,5.0016352400,-1.330800,8164111,0
2019-09-27,4.9076195400,4.8512101200,4.8418085500,4.9640289600,0.578000,5334094,0
2019-09-30,4.8418085500,4.9170211100,4.6913834300,4.9264226800,-1.341000,4547267,0
2019-10-08,4.8888164000,4.8512101200,4.8418085500,4.9358242500,0.970900,4503501,0
2019-10-09,4.9546273900,4.8700132600,4.8606116900,4.9734305300,1.346200,5758445,0
2019-10-10,4.9452258200,4.9546273900,4.9170211100,4.9828321000,-0.189700,4777921,0
2019-10-11,4.9546273900,4.9452258200,4.9170211100,4.9828321000,0.190100,5222603,0
2019-10-14,5.0768478000,4.9922336700,4.9922336700,5.1426587900,2.466800,11093820,0
2019-10-15,5.0016352400,5.0392415200,4.9734305300,5.1144540800,-1.481500,6101688,0
2019-10-16,4.9640289600,5.0016352400,4.9640289600,5.0862493700,-0.751900,7173704,0
2019-10-17,5.0486430900,4.9922336700,4.9922336700,5.0674462300,1.704500,6672789,0
2019-10-18,4.9076195400,5.0486430900,4.8700132600,5.0486430900,-2.793300,7872445,0
2019-10-21,4.8700132600,4.8982179700,4.8418085500,4.9264226800,-0.766300,8302603,0
2019-10-22,4.9546273900,4.8700132600,4.8700132600,4.9640289600,1.737500,6291446,0
2019-10-23,4.9546273900,4.9546273900,4.9358242500,4.9922336700,0.000000,4069203,0
2019-10-24,4.9734305300,4.9358242500,4.9170211100,4.9922336700,0.379500,4426718,0
2019-10-25,4.9734305300,4.9828321000,4.9452258200,5.0016352400,0.000000,4488692,0
2019-10-28,4.9734305300,4.9734305300,4.9734305300,4.9734305300,0.000000,0,0
2019-10-29,4.9734305300,4.9734305300,4.9734305300,4.9734305300,0.000000,0,0
2019-10-30,4.9734305300,4.9734305300,4.9734305300,4.9734305300,0.000000,0,0
2019-10-31,4.9734305300,4.9734305300,4.9734305300,4.9734305300,0.000000,0,0
2019-11-01,4.9734305300,4.9734305300,4.9734305300,4.9734305300,0.000000,0,0
2019-11-04,5.0580446600,5.3588949000,5.0298399500,5.3588949000,1.701300,39162777,0
2019-11-05,5.0580446600,5.0204383800,4.9828321000,5.1144540800,0.000000,19394495,0
2019-11-06,4.8888164000,5.0392415200,4.8700132600,5.0580446600,-3.345700,16640725,0
2019-11-07,4.9170211100,4.9170211100,4.8700132600,4.9358242500,0.576900,9427120,0
2019-11-08,4.8982179700,4.9358242500,4.8700132600,4.9546273900,-0.382400,7539940,0
2019-11-11,4.7477928500,4.8606116900,4.7383912800,4.8606116900,-3.071000,10612347,0
2019-11-12,4.7853991300,4.7477928500,4.7101865700,4.7948007000,0.792100,7602246,0
2019-11-13,4.7101865700,4.7665959900,4.6725802900,4.7759975600,-1.571700,7512027,0
2019-11-14,4.7289897100,4.7007850000,4.7007850000,4.7477928500,0.399200,4332050,0
2019-11-15,4.7571944200,4.7948007000,4.7195881400,4.8136038400,0.596400,6242904,0
2019-11-18,4.7665959900,4.7665959900,4.6349740100,4.7759975600,0.197600,5178175,0
2019-11-19,4.7759975600,4.7665959900,4.7477928500,4.7948007000,0.197200,4891769,0
2019-11-20,4.7477928500,4.7759975600,4.7383912800,4.7853991300,-0.590500,4328497,0
2019-11-21,4.7571944200,4.7477928500,4.7195881400,4.7759975600,0.198000,3384710,0
2019-11-22,4.7853991300,4.7759975600,4.7477928500,4.8512101200,0.592900,6779367,0
2019-11-25,4.8230054100,4.7853991300,4.7571944200,4.8418085500,0.785900,5870081,0
2019-11-26,4.7853991300,4.8136038400,4.7571944200,4.8418085500,-0.779700,4313075,0
2019-11-27,4.7571944200,4.7948007000,4.7007850000,4.8136038400,-0.589400,5303703,0
2019-11-28,4.7195881400,4.7571944200,4.7101865700,4.7853991300,-0.790500,3878608,0
2019-11-29,4.7383912800,4.7195881400,4.7007850000,4.7477928500,0.398400,5052569,0
2019-12-02,4.7383912800,4.7571944200,4.7195881400,4.7853991300,0.000000,4971530,0
2019-12-03,4.7195881400,4.7477928500,4.6537771500,4.7477928500,-0.396800,6871405,0
2019-12-04,4.7007850000,4.6725802900,4.6537771500,4.7477928500,-0.398400,4293914,0
2019-12-05,4.7101865700,4.7007850000,4.6913834300,4.7383912800,0.200000,4323986,0
2019-12-06,4.7195881400,4.7101865700,4.6913834300,4.7289897100,0.199600,4181955,0
2019-12-09,4.8418085500,4.7383912800,4.7195881400,4.8606116900,2.589600,10315181,0
2019-12-10,4.8418085500,4.8136038400,4.8042022700,4.8700132600,0.000000,5420148,0
2019-12-11,4.8418085500,4.8418085500,4.7948007000,4.8700132600,0.000000,4639034,0
2019-12-12,4.7948007000,4.8606116900,4.7571944200,4.8794148300,-0.970900,5604971,0
2019-12-13,4.8418085500,4.9546273900,4.7948007000,4.9546273900,0.980400,11254354,0
2019-12-16,4.8606116900,4.8324069800,4.8042022700,4.8700132600,0.388300,13204532,0
2019-12-17,4.8982179700,4.8512101200,4.8324069800,4.9264226800,0.773700,15596417,0
2019-12-18,4.8606116900,4.8982179700,4.8418085500,4.9358242500,-0.767800,12227786,0
2019-12-19,4.8606116900,4.8888164000,4.8512101200,4.8888164000,0.000000,7845779,0
2019-12-20,4.8136038400,4.8700132600,4.7948007000,4.9076195400,-0.967100,13948551,0
2019-12-23,4.7759975600,4.8230054100,4.7477928500,4.8512101200,-0.781200,16033975,0
2019-12-24,4.7759975600,4.7948007000,4.7383912800,4.7948007000,0.000000,11062099,0
2019-12-25,4.7853991300,4.7853991300,4.7571944200,4.8042022700,0.196900,6841091,0
2019-12-26,4.8042022700,4.7853991300,4.7759975600,4.8230054100,0.392900,10930845,0
2019-12-27,4.8700132600,4.8042022700,4.8042022700,4.9076195400,1.369900,17625577,0
2019-12-30,4.9076195400,4.8700132600,4.8324069800,4.9076195400,0.772200,11801043,0
2019-12-31,4.9828321000,4.8982179700,4.8888164000,4.9922336700,1.532600,14267274,0
