date,close,open,low,high,pctChg,volume,isST
2019-01-02,6.2476887500,6.2377875000,6.1783800000,6.3268987500,0.317965,6399885,0
2019-01-03,6.6734425000,6.2872937500,6.2575900000,6.8714675000,6.814578,36808933,0
2019-01-04,6.7922575000,6.5645287500,6.4457137500,6.8318625000,1.780421,30697927,0
2019-01-07,7.0991962500,6.8516650000,6.7823562500,7.1883075000,4.518950,40815135,0
2019-01-08,6.8912700000,7.0001837500,6.8318625000,7.0694925000,-2.928871,24784543,0
2019-01-09,6.8120600000,6.8912700000,6.7922575000,6.9803812500,-1.149424,19699819,0
2019-01-10,6.7823562500,6.7922575000,6.7625537500,6.8714675000,-0.436050,11155979,0
2019-01-11,6.9209737500,6.7823562500,6.7427512500,6.9209737500,2.043794,17811395,0
2019-01-14,6.7724550000,6.8813687500,6.7427512500,6.8813687500,-2.145917,12779288,0
2019-01-15,6.8417637500,6.7823562500,6.7130475000,6.8714675000,1.023387,12724112,0
2019-01-16,6.7328500000,6.8615662500,6.7130475000,6.8615662500,-1.591891,10170923,0
2019-01-17,6.6635412500,6.7328500000,6.6437387500,6.7625537500,-1.029414,8318879,0
2019-01-18,6.7427512500,6.6734425000,6.6635412500,6.7724550000,1.188706,10604251,0
2019-01-21,6.7130475000,6.7328500000,6.6635412500,6.7922575000,-0.440525,9662162,0
2019-01-22,6.6734425000,6.7130475000,6.6338375000,6.7625537500,-0.589977,8810138,0
2019-01-23,6.6635412500,6.6635412500,6.6140350000,6.6833437500,-0.148364,6170948,0
2019-01-24,6.7130475000,6.6635412500,6.6140350000,6.7625537500,0.742945,10195815,0
2019-01-25,6.7130475000,6.7130475000,6.6635412500,6.7922575000,0.000000,10562445,0
2019-01-28,6.6734425000,6.7427512500,6.6635412500,6.8417637500,-0.589977,10833320,0
2019-01-29,6.3962075000,6.6338375000,6.1783800000,6.6536400000,-4.154299,17012044,0
2019-01-30,6.4259112500,6.4061087500,6.3962075000,6.5645287500,0.464392,11894744,0
2019-01-31,6.2377875000,6.3566025000,6.1486762500,6.4160100000,-2.927575,22749369,0
2019-02-01,6.4061087500,6.2476887500,6.2476887500,6.4061087500,2.698406,15566026,0
2019-02-11,6.5546275000,6.4754175000,6.4358125000,6.5645287500,2.318394,18767440,0
2019-02-12,6.6536400000,6.5249237500,6.5150225000,6.6833437500,1.510573,17951529,0
2019-02-13,6.7823562500,6.6437387500,6.6041337500,6.8318625000,1.934526,23893395,0
2019-02-14,6.7922575000,6.7625537500,6.7130475000,6.8417637500,0.145989,19351051,0
2019-02-15,6.7625537500,6.7724550000,6.7526525000,6.8912700000,-0.437321,15518797,0
2019-02-18,6.9704800000,6.7922575000,6.7922575000,6.9803812500,3.074671,24189547,0
2019-02-19,7.0793937500,6.9704800000,6.8219612500,7.0793937500,1.562502,37393452,0
2019-02-20,6.9902825000,7.0595912500,6.9506775000,7.1784062500,-1.258743,39019116,0
2019-02-21,7.0100850000,6.9803812500,6.9605787500,7.1586037500,0.283286,38464039,0
2019-02-22,7.2774187500,6.9308750000,6.9308750000,7.2774187500,3.813559,39101236,0
2019-02-25,7.5843575000,7.4259375000,7.2774187500,7.6239625000,4.217687,60991020,0
2019-02-26,7.5249500000,7.5249500000,7.4259375000,7.7229750000,-0.783289,49260146,0
2019-02-27,7.7427775000,7.4952462500,7.4853450000,8.0596175000,2.894740,59076621,0
2019-02-28,8.0200125000,7.9011975000,7.7130737500,8.0893212500,3.580565,53756733,0
2019-03-01,7.9011975000,8.0200125000,7.7427775000,8.0200125000,-1.481486,37276372,0
2019-03-04,7.9903087500,7.9210000000,7.8417900000,8.0695187500,1.127815,49690697,0
2019-03-05,8.0794200000,7.9408025000,7.9011975000,8.0893212500,1.115244,43736770,0
2019-03-06,8.0893212500,8.0893212500,7.9110987500,8.1586300000,0.122552,48822785,0
2019-03-07,8.1784325000,8.0695187500,7.9705062500,8.3665562500,1.101593,50482931,0
2019-03-08,7.7031725000,8.0002100000,7.6932712500,8.0992225000,-5.811138,49147808,0
2019-03-11,8.0398150000,7.7229750000,7.7130737500,8.0596175000,4.370176,34305605,0
2019-03-12,8.5150750000,8.1091237500,8.0299137500,8.5843837500,5.911336,67860027,0
2019-03-13,8.2279387500,8.4952725000,8.1289262500,8.7428037500,-3.372092,61244179,0
2019-03-14,8.0299137500,8.1784325000,7.7526787500,8.3665562500,-2.406748,39669492,0
2019-03-15,8.0101112500,8.1190250000,7.9408025000,8.1784325000,-0.246603,24314866,0
2019-03-18,8.1586300000,8.0002100000,7.8714937500,8.1586300000,1.854136,29876496,0
2019-03-19,8.1388275000,8.1982350000,8.0695187500,8.3368525000,-0.242712,27589722,0
2019-03-20,8.2477412500,8.1289262500,7.9804075000,8.2873462500,1.338195,39482266,0
2019-03-21,8.2279387500,8.2081362500,8.1685312500,8.3467537500,-0.240090,35217001,0
2019-03-22,8.6239887500,8.2873462500,8.2378400000,8.7131000000,4.813473,62070772,0
2019-03-25,9.0398412500,8.5546800000,8.4853712500,9.4754962500,4.822044,83583774,0
2019-03-26,8.4754700000,9.0398412500,8.3368525000,9.1091500000,-6.243151,56038940,0
2019-03-27,8.2873462500,8.4655687500,8.0893212500,8.5051737500,-2.219632,33242526,0
2019-03-28,8.3467537500,8.3269512500,8.2675437500,8.6734950000,0.716851,34650783,0
2019-03-29,8.7131000000,8.3665562500,8.3368525000,8.7725075000,4.389085,46331402,0
2019-04-01,9.0299400000,8.7527050000,8.7527050000,9.1586562500,3.636360,52067014,0
2019-04-02,8.9408287500,9.0596437500,8.8913225000,9.3863850000,-0.986844,64053710,0
2019-04-03,9.0992487500,8.9012237500,8.7626062500,9.1388537500,1.771870,43735891,0
2019-04-04,9.0398412500,9.1289525000,8.9705325000,9.1784587500,-0.652878,34083924,0
2019-04-08,9.1883600000,9.0794462500,8.7329025000,9.3566812500,1.642931,58500901,0
2019-04-09,8.9903350000,9.0695450000,8.8715200000,9.0695450000,-2.155170,30603817,0
2019-04-10,8.8220137500,8.9111250000,8.7626062500,8.9606312500,-1.872248,25730429,0
2019-04-11,8.6734950000,8.8220137500,8.6635937500,8.8913225000,-1.683497,23383477,0
2019-04-12,8.7923100000,8.7131000000,8.6734950000,8.8220137500,1.369862,19037694,0
2019-04-15,8.7230012500,8.9012237500,8.6932975000,8.9903350000,-0.788285,24692833,0
2019-04-16,8.8319150000,8.6536925000,8.5051737500,8.8319150000,1.248577,25136642,0
2019-04-17,8.9111250000,8.8517175000,8.7923100000,8.9705325000,0.896860,28124884,0
2019-04-18,8.8616187500,8.9309275000,8.7824087500,9.0200387500,-0.555558,27532994,0
2019-04-19,8.8319150000,8.8517175000,8.6635937500,8.8913225000,-0.335193,21514430,0
2019-04-22,8.6734950000,8.8913225000,8.6437912500,8.9012237500,-1.793720,18288392,0
2019-04-23,8.2873462500,8.7131000000,8.2378400000,8.7428037500,-4.452059,26962358,0
2019-04-24,8.3170500000,8.3170500000,8.1289262500,8.3566550000,0.358420,16880187,0
2019-04-25,7.9309012500,8.2972475000,7.9309012500,8.3071487500,-4.642850,20278034,0
2019-04-26,7.9309012500,7.9011975000,7.8615925000,8.0200125000,0.000000,15291051,0
2019-04-29,7.5249500000,7.9011975000,7.4853450000,7.9210000000,-5.118606,19875605,0
2019-04-30,7.6239625000,7.4556412500,7.4259375000,7.7130737500,1.315788,13266598,0
2019-05-06,6.8615662500,7.3566287500,6.8615662500,7.4259375000,-10.000000,25362383,0
2019-05-07,6.9704800000,6.9209737500,6.8417637500,7.0001837500,1.587304,15048571,0
2019-05-08,7.1982087500,6.8120600000,6.7526525000,7.3764312500,3.267046,23279105,0
2019-05-09,7.0991962500,7.0793937500,7.0496900000,7.2873200000,-1.375515,16015036,0
2019-05-10,7.4160362500,7.1388012500,7.0001837500,7.4952462500,4.463036,27523021,0
2019-05-13,7.2972212500,7.3368262500,7.2675175000,7.4160362500,-1.602135,15005700,0
2019-05-14,7.3368262500,7.1982087500,7.1685050000,7.4655425000,0.542740,20349087,0
2019-05-15,7.3368262500,7.2873200000,7.1982087500,7.3566287500,0.000000,21765952,0
2019-05-16,7.4061350000,7.2675175000,7.2279125000,7.4853450000,0.944672,19710568,0
2019-05-17,7.0694925000,7.3764312500,7.0397887500,7.3863325000,-4.545456,18533034,0
2019-05-20,7.1586037500,7.0793937500,7.0001837500,7.1982087500,1.260506,11857848,0
2019-05-21,7.3665300000,7.1784062500,7.1189987500,7.4457400000,2.904565,17610877,0
2019-05-22,7.5744562500,7.3665300000,7.3170237500,7.6734687500,2.822581,30064866,0
2019-05-23,7.4358387500,7.4952462500,7.3071225000,7.6635675000,-1.830064,25577891,0
2019-05-24,7.1883075000,7.3269250000,7.1487025000,7.4160362500,-3.328895,16258663,0
2019-05-27,7.3764312500,7.1883075000,7.1487025000,7.4061350000,2.617074,13634167,0
2019-05-28,7.3467275000,7.3665300000,7.3071225000,7.4853450000,-0.402681,14607316,0
2019-05-29,7.5150487500,7.2972212500,7.2972212500,7.5447525000,2.291106,20322228,0
2019-05-30,7.6239625000,7.5150487500,7.3566287500,7.6239625000,1.449271,14776433,0
2019-05-31,7.8417900000,7.5249500000,7.4952462500,7.8516912500,2.857147,29916798,0
2019-06-03,7.7328762500,7.9804075000,7.6833700000,8.1190250000,-1.388891,30341293,0
2019-06-04,7.4754437500,7.6932712500,7.3863325000,7.7328762500,-3.329062,19060067,0
2019-06-05,7.4457400000,7.5546537500,7.4061350000,7.5645550000,-0.397354,12955482,0
2019-06-06,7.1685050000,7.4358387500,7.1586037500,7.4556412500,-3.723407,12736447,0
2019-06-10,7.2279125000,7.1388012500,7.1388012500,7.2873200000,0.828735,7723038,0
2019-06-11,7.4655425000,7.2576162500,7.2081100000,7.4853450000,3.287668,13183971,0
2019-06-12,7.5447525000,7.4358387500,7.3863325000,7.6140612500,1.061007,16517186,0
2019-06-13,7.5051475000,7.4754437500,7.4556412500,7.5843575000,-0.524934,11530935,0
2019-06-14,7.4061350000,7.4853450000,7.3863325000,7.7427775000,-1.319260,19173224,0
2019-06-17,7.2972212500,7.3269250000,7.2279125000,7.3962337500,-1.470590,10711403,0
2019-06-18,7.2873200000,7.2774187500,7.2378137500,7.3368262500,-0.135682,5819916,0
2019-06-19,7.4259375000,7.3962337500,7.3467275000,7.4853450000,1.902172,13576371,0
2019-06-20,7.5652984000,7.4159833000,7.3363485800,7.5852070800,1.876674,18870887,0
2019-06-21,7.7942482200,7.5553440600,7.5254810400,7.8141569000,3.026316,29096049,0
2019-06-24,7.9933350200,7.7643852000,7.6449331200,8.2820108800,2.554276,40651560,0
2019-06-25,7.8639286000,7.9236546400,7.7444765200,7.9833806800,-1.618924,27927009,0
2019-06-26,7.8440199200,7.7643852000,7.6947048200,7.8937916200,-0.253164,19458177,0
2019-06-27,7.7643852000,7.8539742600,7.7245678400,7.9336089800,-1.015227,18734901,0
2019-06-28,7.6947048200,7.7444765200,7.6250244400,7.8042025600,-0.897438,12124136,0
2019-07-01,7.8340655800,7.8141569000,7.7544308600,7.8738829400,1.811124,18955994,0
2019-07-02,7.8440199200,7.9137003000,7.8340655800,8.0032893600,0.127068,19724570,0
2019-07-03,8.0729697400,7.7743395400,7.7046591600,8.1426501200,2.918776,39607219,0
2019-07-04,8.1625588000,8.0132437000,7.9634720000,8.4114173000,1.109743,58204084,0
2019-07-05,8.1426501200,8.0928784200,8.0132437000,8.1924218200,-0.243896,22807986,0
2019-07-08,7.7842938800,8.0630154000,7.7146135000,8.1127871000,-4.400980,26020508,0
2019-07-09,7.8937916200,7.8042025600,7.7444765200,7.8937916200,1.406645,14547529,0
2019-07-10,7.8639286000,7.8838372800,7.7544308600,8.0530610600,-0.378307,18267529,0
2019-07-11,7.9535176600,7.8738829400,7.7942482200,8.0231980400,1.139236,16225112,0
2019-07-12,7.8937916200,7.9435633200,7.8340655800,7.9734263400,-0.750938,11727508,0
2019-07-15,8.1227414400,7.9236546400,7.8838372800,8.1326957800,2.900379,25261007,0
2019-07-16,8.1227414400,8.0729697400,8.0231980400,8.1725131400,0.000000,16411402,0
2019-07-17,8.0530610600,8.1127871000,8.0331523800,8.1924218200,-0.857839,14115247,0
2019-07-18,7.8340655800,7.9833806800,7.8042025600,7.9933350200,-2.719410,17179343,0
2019-07-19,7.8241112400,7.8241112400,7.7643852000,7.9336089800,-0.127062,10588860,0
2019-07-22,7.5254810400,7.8241112400,7.4657550000,7.8340655800,-3.816796,15070830,0
2019-07-23,7.7146135000,7.5453897200,7.5155267000,7.7544308600,2.513228,12802230,0
2019-07-24,7.8141569000,7.8141569000,7.7643852000,7.9236546400,1.290321,15217219,0
2019-07-25,7.8141569000,7.7842938800,7.7643852000,7.8838372800,0.000000,11727075,0
2019-07-26,7.8738829400,7.7842938800,7.7444765200,7.9336089800,0.764300,15089961,0
2019-07-29,8.0231980400,7.8241112400,7.8241112400,8.0331523800,1.896341,19010387,0
2019-07-30,7.9435633200,7.9734263400,7.9435633200,8.0530610600,-0.992600,16095939,0
2019-07-31,8.0032893600,7.8937916200,7.8738829400,8.0032893600,0.751900,14975459,0
2019-08-01,7.7544308600,7.9734263400,7.7444765200,8.0431067200,-3.109500,22116408,0
2019-08-02,7.5453897200,7.4657550000,7.4657550000,7.6349787800,-2.695800,17825671,0
2019-08-05,7.5453897200,7.5951614200,7.5254810400,7.7245678400,0.000000,15921858,0
2019-08-06,7.3263942400,7.3164399000,7.1273074400,7.4060289600,-2.902400,20113609,0
2019-08-07,7.2268508400,7.3562572600,7.2168965000,7.4159833000,-1.358700,12301566,0
2019-08-08,7.3562572600,7.2965312200,7.2666682000,7.4856636800,1.790600,12199896,0
2019-08-09,7.2268508400,7.3761659400,7.1770791400,7.4159833000,-1.759100,10644233,0
2019-08-12,7.3064855600,7.2168965000,7.1870334800,7.3064855600,1.101900,8254038,0
2019-08-13,7.3960746200,7.2368051800,7.2069421600,7.4558006600,1.226200,12811501,0
2019-08-14,7.4259376400,7.4458463200,7.3761659400,7.5155267000,0.403800,10029520,0
2019-08-15,7.3761659400,7.2368051800,7.2069421600,7.4259376400,-0.670200,9713786,0
2019-08-16,7.4358919800,7.3761659400,7.3761659400,7.5254810400,0.809700,12779454,0
2019-08-19,7.6150701000,7.4856636800,7.4458463200,7.6150701000,2.409600,15293784,0
2019-08-20,8.0231980400,7.5852070800,7.5752527400,8.3516912600,5.359500,54618135,0
2019-08-21,8.0331523800,7.9236546400,7.8639286000,8.1326957800,0.124100,34741016,0
2019-08-22,8.8394539200,8.0630154000,8.0331523800,8.8394539200,10.037200,65459363,0
2019-08-23,8.8892256200,9.0186320400,8.7299561800,9.2973535600,0.563100,129540652,0
2019-08-26,9.4068513000,8.7896822200,8.7896822200,9.7552532000,5.823100,108185033,0
2019-08-27,9.5561664000,9.3272165800,9.2376275200,9.6855728200,1.587300,108669772,0
2019-08-28,9.6158924400,9.5163490400,9.4267599800,10.3126962400,0.625000,137627964,0
2019-08-29,9.5362577200,9.6158924400,9.2376275200,9.7751618800,-0.828200,105864042,0
2019-08-30,9.8747052800,9.5661207400,9.3869426200,9.9244769800,3.549100,106168241,0
2019-09-02,10.2529702000,9.8149792400,9.7452988600,10.7307785200,3.830600,131301807,0
2019-09-03,10.1633811400,10.1633811400,9.9543400000,10.4022853000,-0.873800,88196043,0
2019-09-04,9.9742486800,10.0638377400,9.8149792400,10.1434724600,-1.860900,71977660,0
2019-09-05,9.9742486800,10.0240203800,9.8647509400,10.2031985000,0.000000,76936176,0
2019-09-06,10.0140660400,9.8846596200,9.8448422600,10.1932441600,0.399200,67267768,0
2019-09-09,10.1534268000,10.0140660400,9.8149792400,10.1534268000,1.391600,67621748,0
2019-09-10,9.9145226400,10.1733354800,9.8946139600,10.6013721000,-2.352900,95465743,0
2019-09-11,9.5561664000,9.8946139600,9.4864860200,9.8946139600,-3.614500,71742442,0
2019-09-12,9.6158924400,9.5760750800,9.5362577200,9.6756184800,0.625000,36172177,0
2019-09-16,9.8547966000,9.6557098000,9.6158924400,9.9244769800,2.484500,49387603,0
2019-09-17,9.6059381000,9.8050249000,9.5362577200,9.8249335800,-2.525300,40788342,0
2019-09-18,9.2276731800,9.6358011200,9.1082211000,9.6557098000,-3.937800,53561801,0
2019-09-19,9.4566230000,9.2276731800,9.1779014800,9.4765316800,2.481100,41986832,0
2019-09-20,9.5362577200,9.4367143200,9.2575362000,9.5860294200,0.842100,44677960,0
2019-09-23,9.3769882800,9.4665773400,9.3172622400,9.6258467800,-1.670100,30703112,0
2019-09-24,9.3272165800,9.3371709200,9.2376275200,9.5263033800,-0.530800,29922941,0
2019-09-25,9.1380841200,9.3371709200,9.1281297800,9.5561664000,-2.027700,42687971,0
2019-09-26,8.2919652200,9.1878558200,8.2322391800,9.2177188400,-9.259300,65148807,0
2019-09-27,8.2720565400,8.2521478600,8.1924218200,8.3616456000,-0.240100,27988769,0
2019-09-30,8.0530610600,8.2322391800,8.0530610600,8.3218282400,-2.647400,22732750,0
2019-10-08,7.8639286000,8.1127871000,7.8340655800,8.1426501200,-2.348600,25961609,0
2019-10-09,7.9634720000,7.9634720000,7.8440199200,7.9833806800,1.265800,18368319,0
2019-10-10,7.9933350200,7.9634720000,7.9037459600,8.0132437000,0.375000,19185081,0
2019-10-11,7.9435633200,7.9933350200,7.8042025600,8.0032893600,-0.622700,25550501,0
2019-10-14,8.1227414400,7.9734263400,7.9236546400,8.2421935200,2.255600,38746782,0
2019-10-15,7.8440199200,8.0729697400,7.8241112400,8.0829240800,-3.431400,26012568,0
2019-10-16,7.6947048200,7.8639286000,7.6847504800,7.8937916200,-1.903600,18605394,0
2019-10-17,7.6747961400,7.7146135000,7.6449331200,7.7743395400,-0.258700,15437596,0
2019-10-18,7.5652984000,7.6847504800,7.4458463200,7.7245678400,-1.426700,20112573,0
2019-10-21,7.4956180200,7.5652984000,7.3363485800,7.5652984000,-0.921000,18587252,0
2019-10-22,7.5553440600,7.5055723600,7.4558006600,7.5652984000,0.796800,13484291,0
2019-10-23,7.4159833000,7.5553440600,7.3960746200,7.5652984000,-1.844500,13792588,0
2019-10-24,7.4657550000,7.4159833000,7.3662116000,7.6150701000,0.671100,19164280,0
2019-10-25,7.4956180200,7.4657550000,7.3761659400,7.5155267000,0.400000,13246048,0
2019-10-28,7.5951614200,7.4657550000,7.4458463200,7.6051157600,1.328000,19777128,0
2019-10-29,7.6648418000,7.5951614200,7.5453897200,7.7245678400,0.917400,26191736,0
2019-10-30,7.5752527400,7.6648418000,7.5453897200,7.6847504800,-1.168800,16715577,0
2019-10-31,7.4060289600,7.5553440600,7.3861202800,7.6250244400,-2.233900,15820346,0
2019-11-01,7.5055723600,7.3960746200,7.2666682000,7.5155267000,1.344100,13983401,0
2019-11-04,7.4060289600,7.5254810400,7.3662116000,7.5453897200,-1.326300,14835070,0
2019-11-05,7.4060289600,7.4159833000,7.3164399000,7.4558006600,0.000000,12704354,0
2019-11-06,7.5652984000,7.4259376400,7.4060289600,7.6947048200,2.150500,32666177,0
2019-11-07,7.6150701000,7.5254810400,7.4558006600,7.6250244400,0.657900,16479849,0
2019-11-08,7.5553440600,7.6150701000,7.5453897200,7.6548874600,-0.784300,13456867,0
2019-11-11,7.2467595200,7.5055723600,7.2368051800,7.5055723600,-4.084300,17027366,0
2019-11-12,7.1969878200,7.2666682000,7.0377183800,7.2965312200,-0.686800,14654260,0
2019-11-13,7.2268508400,7.1671248000,7.1173531000,7.2865768800,0.414900,9008530,0
2019-11-14,7.2168965000,7.1969878200,7.1372617800,7.2567138600,-0.137700,9129025,0
2019-11-15,7.0576270600,7.1870334800,7.0476727200,7.2168965000,-2.206900,10997439,0
2019-11-18,7.1073987600,7.0476727200,7.0476727200,7.1372617800,0.705200,6598523,0
2019-11-19,7.2368051800,7.0874900800,7.0874900800,7.2666682000,1.820700,10971777,0
2019-11-20,7.1571704600,7.2268508400,7.1472161200,7.2666682000,-1.100400,9996250,0
2019-11-21,7.4159833000,7.1571704600,7.1372617800,7.4558006600,3.616100,27059726,0
2019-11-22,7.5453897200,7.3463029200,7.2467595200,7.6051157600,1.745000,40260412,0
2019-11-25,7.4657550000,7.4458463200,7.3562572600,7.5155267000,-1.055400,20089739,0
2019-11-26,7.3463029200,7.4956180200,7.3363485800,7.5254810400,-1.600000,15340166,0
2019-11-27,7.2965312200,7.3164399000,7.2467595200,7.4060289600,-0.677500,12141372,0
2019-11-28,7.2168965000,7.2368051800,7.2069421600,7.3164399000,-1.091400,9474975,0
2019-11-29,7.2268508400,7.2268508400,7.1372617800,7.2368051800,0.137900,8846225,0
2019-12-02,7.2268508400,7.2069421600,7.1770791400,7.2567138600,0.000000,6175693,0
2019-12-03,7.3164399000,7.2168965000,7.1273074400,7.3363485800,1.239700,12243698,0
2019-12-04,7.4458463200,7.2567138600,7.2368051800,7.4956180200,1.768700,21634850,0
2019-12-05,7.5155267000,7.4159833000,7.4159833000,7.5752527400,0.935800,20309918,0
2019-12-06,7.4657550000,7.4956180200,7.4060289600,7.5453897200,-0.662300,14804781,0
2019-12-09,7.4358919800,7.4657550000,7.3861202800,7.4956180200,-0.400000,12530040,0
2019-12-10,7.2368051800,7.3463029200,7.1273074400,7.3463029200,-2.677400,32313356,0
2019-12-11,7.2069421600,7.1770791400,7.1671248000,7.2766225400,-0.412700,15427114,0
2019-12-12,7.2467595200,7.2168965000,7.1671248000,7.3263942400,0.552500,17354383,0
2019-12-13,7.2965312200,7.2666682000,7.2268508400,7.3164399000,0.686800,16084828,0
2019-12-16,7.5155267000,7.3064855600,7.2268508400,7.5155267000,3.001400,38037952,0
2019-12-17,7.5553440600,7.5055723600,7.4657550000,7.6548874600,0.529800,35959037,0
2019-12-18,7.5852070800,7.5752527400,7.5652984000,7.7345221800,0.395300,40297596,0
2019-12-19,7.9137003000,7.6051157600,7.5453897200,8.0032893600,4.330700,65579074,0
2019-12-20,7.7743395400,7.8738829400,7.7245678400,7.9336089800,-1.761000,36812427,0
2019-12-23,7.5354353800,7.7444765200,7.4757093400,7.9236546400,-3.073000,33427495,0
2019-12-24,7.6648418000,7.5553440600,7.5155267000,7.6847504800,1.717300,17762693,0
2019-12-25,7.6349787800,7.6648418000,7.5652984000,7.7046591600,-0.389600,17742483,0
2019-12-26,7.6349787800,7.5951614200,7.5453897200,7.6548874600,0.000000,19749582,0
2019-12-27,7.6847504800,7.6548874600,7.5951614200,7.8738829400,0.651900,38161562,0
2019-12-30,7.5951614200,7.6150701000,7.4159833000,7.6150701000,-1.165800,24330089,0
2019-12-31,7.5852070800,7.6051157600,7.5254810400,7.6548874600,-0.131100,17991041,0
