date,close,open,low,high,pctChg,volume,isST
2019-01-02,3.9200000000,3.9100000000,3.8500000000,4.0400000000,1.554409,7746811,0
2019-01-03,3.9700000000,3.8700000000,3.7300000000,4.0600000000,1.275509,9916778,0
2019-01-04,4.0500000000,3.8800000000,3.8700000000,4.1100000000,2.015117,10852704,0
2019-01-07,4.0900000000,4.0600000000,4.0000000000,4.1200000000,0.987653,8945400,0
2019-01-08,4.0000000000,4.0700000000,3.9900000000,4.0700000000,-2.200493,5384199,0
2019-01-09,3.9800000000,3.9900000000,3.9700000000,4.0600000000,-0.499999,6771309,0
2019-01-10,3.9600000000,3.9700000000,3.9400000000,4.0100000000,-0.502512,4558063,0
2019-01-11,4.0200000000,3.9800000000,3.9600000000,4.0300000000,1.515150,4175358,0
2019-01-14,4.0500000000,4.0200000000,3.9900000000,4.0500000000,0.746274,3812257,0
2019-01-15,4.0400000000,4.0300000000,3.9500000000,4.0500000000,-0.246919,4980999,0
2019-01-16,3.9900000000,4.0100000000,3.9700000000,4.0500000000,-1.237622,4055947,0
2019-01-17,3.9900000000,3.9900000000,3.9500000000,4.0200000000,0.000000,2896845,0
2019-01-18,3.9800000000,3.9900000000,3.9400000000,4.0100000000,-0.250626,2821453,0
2019-01-21,4.0300000000,4.0000000000,3.9600000000,4.0900000000,1.256286,5781401,0
2019-01-22,3.9300000000,4.0300000000,3.8900000000,4.0500000000,-2.481393,5075500,0
2019-01-23,3.9100000000,3.9300000000,3.8300000000,3.9400000000,-0.508905,3971501,0
2019-01-24,3.9200000000,3.9100000000,3.8700000000,3.9500000000,0.255754,2617400,0
2019-01-25,3.8500000000,3.9300000000,3.8400000000,3.9400000000,-1.785719,2645563,0
2019-01-28,3.8100000000,3.8700000000,3.7300000000,3.8900000000,-1.038960,3145308,0
2019-01-29,3.7200000000,3.7800000000,3.6600000000,3.7900000000,-2.362202,3233400,0
2019-01-30,3.6700000000,3.7200000000,3.6700000000,3.7600000000,-1.344085,2116747,0
2019-01-31,3.6000000000,3.7100000000,3.5600000000,3.7500000000,-1.907362,3282500,0
2019-02-01,3.7200000000,3.6000000000,3.6000000000,3.7300000000,3.333337,3059821,0
2019-02-11,3.7900000000,3.7200000000,3.6800000000,3.8000000000,1.881719,2913066,0
2019-02-12,3.8500000000,3.7800000000,3.7600000000,3.8900000000,1.583112,3978937,0
2019-02-13,3.9300000000,3.8600000000,3.8400000000,3.9500000000,2.077926,3560172,0
2019-02-14,3.9300000000,3.9200000000,3.9000000000,3.9900000000,0.000000,2839000,0
2019-02-15,3.9300000000,3.9300000000,3.9000000000,4.0200000000,0.000000,5205513,0
2019-02-18,4.0200000000,3.9700000000,3.9500000000,4.0300000000,2.290074,5250551,0
2019-02-19,4.0600000000,4.0200000000,3.9800000000,4.0900000000,0.995024,5875457,0
2019-02-20,4.0700000000,4.0600000000,3.9900000000,4.0800000000,0.246311,4574116,0
2019-02-21,4.0700000000,4.0700000000,4.0400000000,4.2200000000,0.000000,10550858,0
2019-02-22,4.1600000000,4.0700000000,3.9700000000,4.2100000000,2.211294,12820237,0
2019-02-25,4.3200000000,4.1600000000,4.1400000000,4.3300000000,3.846162,12440894,0
2019-02-26,4.3500000000,4.3200000000,4.2700000000,4.5000000000,0.694438,13194934,0
2019-02-27,4.4800000000,4.3500000000,4.3300000000,4.5400000000,2.988508,13785411,0
2019-02-28,4.4100000000,4.4800000000,4.3700000000,4.5100000000,-1.562504,8667271,0
2019-03-01,4.4600000000,4.4200000000,4.3800000000,4.4900000000,1.133791,7641510,0
2019-03-04,4.4800000000,4.4500000000,4.4300000000,4.5400000000,0.448430,9168927,0
2019-03-05,4.5800000000,4.4700000000,4.4300000000,4.5800000000,2.232141,7824547,0
2019-03-06,4.6900000000,4.6000000000,4.5700000000,4.7300000000,2.401750,10552672,0
2019-03-07,4.7400000000,4.6600000000,4.6300000000,4.7700000000,1.066092,9969443,0
2019-03-08,4.4000000000,4.7100000000,4.3900000000,4.7100000000,-7.172989,10372562,0
2019-03-11,4.6800000000,4.4900000000,4.4900000000,4.7100000000,6.363630,9872870,0
2019-03-12,4.6800000000,4.7800000000,4.6200000000,4.8300000000,0.000000,9720131,0
2019-03-13,4.6200000000,4.7500000000,4.6100000000,4.8200000000,-1.282050,9956255,0
2019-03-14,4.5100000000,4.6600000000,4.4500000000,4.7700000000,-2.380945,7910338,0
2019-03-15,4.7200000000,4.5200000000,4.5100000000,4.7300000000,4.656309,7770552,0
2019-03-18,4.7200000000,4.7200000000,4.6300000000,4.7200000000,0.000000,10361194,0
2019-03-19,5.1900000000,4.7200000000,4.6700000000,5.1900000000,9.957633,34639486,0
2019-03-20,4.9900000000,5.0700000000,4.8400000000,5.1100000000,-3.853570,31330946,0
2019-03-21,4.9800000000,4.9700000000,4.9500000000,5.1500000000,-0.200396,20997266,0
2019-03-22,4.9700000000,4.9400000000,4.8100000000,4.9900000000,-0.200808,12172750,0
2019-03-25,4.8900000000,4.8500000000,4.8300000000,4.9600000000,-1.609656,7852101,0
2019-03-26,4.9300000000,4.9600000000,4.8700000000,5.0400000000,0.817995,11067181,0
2019-03-27,4.8900000000,4.9000000000,4.7500000000,4.9800000000,-0.811358,8057809,0
2019-03-28,4.7000000000,4.8600000000,4.6800000000,4.9200000000,-3.885482,8583810,0
2019-03-29,4.7900000000,4.7000000000,4.5800000000,4.8400000000,1.914897,9400720,0
2019-04-01,4.9000000000,4.8300000000,4.8200000000,4.9600000000,2.296454,8335820,0
2019-04-02,4.9300000000,4.9200000000,4.8900000000,5.0100000000,0.612239,7672127,0
2019-04-03,4.9700000000,4.9000000000,4.8400000000,4.9800000000,0.811358,7333617,0
2019-04-04,5.0500000000,5.0200000000,4.9800000000,5.1300000000,1.609666,10745994,0
2019-04-08,4.9800000000,5.0600000000,4.8900000000,5.1000000000,-1.386142,9190603,0
2019-04-09,5.1100000000,4.9900000000,4.9500000000,5.2000000000,2.610444,11502564,0
2019-04-10,5.0800000000,5.0700000000,4.9800000000,5.1300000000,-0.587088,8515268,0
2019-04-11,5.0800000000,5.0700000000,5.0600000000,5.3300000000,0.000000,18630405,0
2019-04-12,5.0100000000,5.0700000000,4.9400000000,5.1000000000,-1.377947,8264800,0
2019-04-15,5.1300000000,5.0600000000,5.0400000000,5.2000000000,2.395207,11086416,0
2019-04-16,5.2000000000,5.0900000000,5.0300000000,5.2100000000,1.364516,11514295,0
2019-04-17,5.7200000000,5.2300000000,5.2200000000,5.7200000000,10.000000,25523648,0
2019-04-18,6.2900000000,6.2900000000,6.2900000000,6.2900000000,9.965038,22029110,0
2019-04-19,6.1000000000,6.4000000000,5.9500000000,6.5500000000,-3.020669,53061391,0
2019-04-22,5.7300000000,5.8500000000,5.7300000000,6.0600000000,-6.065572,29650125,0
2019-04-23,5.7400000000,5.7000000000,5.5300000000,5.9700000000,0.174516,24327434,0
2019-04-24,5.5400000000,5.6000000000,5.4500000000,5.6800000000,-3.484317,13799779,0
2019-04-25,5.2800000000,5.5300000000,5.2700000000,5.7200000000,-4.693136,13995801,0
2019-04-26,5.2200000000,5.2800000000,5.1800000000,5.3300000000,-1.136371,9136305,0
2019-04-29,4.9600000000,5.2400000000,4.9300000000,5.2800000000,-4.980838,10529407,0
2019-04-30,5.0400000000,4.9400000000,4.9000000000,5.0900000000,1.612902,5178651,0
2019-05-06,4.5400000000,4.8900000000,4.5400000000,4.8900000000,-9.920635,7353200,0
2019-05-07,4.5600000000,4.5400000000,4.4700000000,4.6700000000,0.440528,5682901,0
2019-05-08,4.5300000000,4.4500000000,4.4100000000,4.6300000000,-0.657889,4210879,0
2019-05-09,4.5000000000,4.5000000000,4.4600000000,4.5800000000,-0.662256,3909655,0
2019-05-10,4.6200000000,4.5300000000,4.4400000000,4.6500000000,2.666664,6522338,0
2019-05-13,4.5800000000,4.5400000000,4.5400000000,4.6300000000,-0.865800,4628656,0
2019-05-14,4.5700000000,4.5100000000,4.5100000000,4.6100000000,-0.218335,4078414,0
2019-05-15,4.7000000000,4.6000000000,4.5400000000,4.7100000000,2.844631,6330270,0
2019-05-16,4.9600000000,4.7800000000,4.6500000000,5.0100000000,5.531920,11861845,0
2019-05-17,4.7300000000,5.0000000000,4.7300000000,5.0100000000,-4.637097,10925502,0
2019-05-20,4.8200000000,4.7800000000,4.6000000000,4.8500000000,1.902752,4793083,0
2019-05-21,4.8500000000,4.8100000000,4.7500000000,4.9100000000,0.622401,6096616,0
2019-05-22,4.8200000000,4.8600000000,4.7600000000,4.8700000000,-0.618551,3268850,0
2019-05-23,4.7400000000,4.8200000000,4.7300000000,4.8900000000,-1.659759,3175934,0
2019-05-24,4.7400000000,4.7600000000,4.7200000000,4.8300000000,0.000000,3512600,0
2019-05-27,4.9800000000,4.8000000000,4.8000000000,5.0000000000,5.063296,6902983,0
2019-05-28,5.0000000000,4.9800000000,4.9400000000,5.0800000000,0.401606,4699301,0
2019-05-29,5.1000000000,5.0000000000,4.9800000000,5.4000000000,1.999998,9531473,0
2019-05-30,5.1200000000,4.9800000000,4.9500000000,5.2100000000,0.392157,7075800,0
2019-05-31,5.1200000000,5.1700000000,5.1000000000,5.2300000000,0.000000,4478300,0
2019-06-03,5.0400000000,5.1300000000,4.9800000000,5.2200000000,-1.562499,4696467,0
2019-06-04,5.0600000000,5.0300000000,5.0100000000,5.1300000000,0.396825,3347367,0
2019-06-05,5.0900000000,5.1000000000,5.0500000000,5.1500000000,0.592889,2577567,0
2019-06-06,4.8500000000,5.0900000000,4.7900000000,5.1100000000,-4.715132,7503500,0
2019-06-10,4.9800000000,4.9000000000,4.7000000000,5.0500000000,2.680415,6322389,0
2019-06-11,5.1400000000,4.9500000000,4.9300000000,5.1400000000,3.212848,5466902,0
2019-06-12,5.1900000000,5.1100000000,5.0800000000,5.2900000000,0.972766,7987927,0
2019-06-13,5.3500000000,5.1500000000,5.1500000000,5.3800000000,3.082849,8251704,0
2019-06-14,5.3200000000,5.3500000000,5.2100000000,5.4600000000,-0.560743,8105349,0
2019-06-17,5.5800000000,5.3900000000,5.3400000000,5.6100000000,4.887213,8634411,0
2019-06-18,5.3800000000,5.5300000000,5.2800000000,5.5500000000,-3.584226,8799222,0
2019-06-19,5.3100000000,5.5000000000,5.2900000000,5.6500000000,-1.301118,6890849,0
2019-06-20,5.5100000000,5.2900000000,5.2900000000,5.5200000000,3.766484,7317928,0
2019-06-21,5.6000000000,5.5300000000,5.4800000000,5.6500000000,1.633388,6695091,0
2019-06-24,5.7000000000,5.5600000000,5.5400000000,5.8100000000,1.785713,7431441,0
2019-06-25,5.6400000000,5.6600000000,5.5900000000,5.7600000000,-1.052631,5359828,0
2019-06-26,5.6100000000,5.6000000000,5.5800000000,5.8800000000,-0.531910,7187334,0
2019-06-27,5.6100000000,5.6700000000,5.5800000000,5.7700000000,0.000000,6049800,0
2019-06-28,5.6400000000,5.6000000000,5.5700000000,5.6800000000,0.534755,3462800,0
2019-07-01,5.6700000000,5.7400000000,5.6500000000,5.7400000000,0.531919,3550281,0
2019-07-02,5.5700000000,5.6700000000,5.4900000000,5.7000000000,-1.763667,5187868,0
2019-07-03,5.6600000000,5.5700000000,5.5500000000,5.7200000000,1.615793,4982166,0
2019-07-04,5.5200000000,5.6600000000,5.5000000000,5.7500000000,-2.473496,3706642,0
2019-07-05,5.5900000000,5.5500000000,5.5400000000,5.6600000000,1.268119,3272800,0
2019-07-08,5.3300000000,5.5800000000,5.2300000000,5.6600000000,-4.651167,6876466,0
2019-07-09,5.5000000000,5.3200000000,5.3100000000,5.6500000000,3.189495,5778688,0
2019-07-10,5.4300000000,5.5100000000,5.4000000000,5.5800000000,-1.272730,3008178,0
2019-07-11,5.5100000000,5.4300000000,5.4000000000,5.5400000000,1.473304,2073999,0
2019-07-12,5.4300000000,5.4600000000,5.4300000000,5.5000000000,-1.451913,3131151,0
2019-07-15,5.5100000000,5.4500000000,5.3800000000,5.5300000000,1.473304,2466020,0
2019-07-16,5.5000000000,5.5100000000,5.4400000000,5.5300000000,-0.181492,2816600,0
2019-07-17,5.4900000000,5.5000000000,5.4500000000,5.5400000000,-0.181822,2998327,0
2019-07-18,5.4300000000,5.4700000000,5.3500000000,5.4900000000,-1.092895,3241423,0
2019-07-19,5.5000000000,5.4400000000,5.4400000000,5.5100000000,1.289138,3245086,0
2019-07-22,5.3900000000,5.5200000000,5.3100000000,5.5200000000,-2.000002,3484388,0
2019-07-23,5.4100000000,5.4400000000,5.3500000000,5.4400000000,0.371057,2416951,0
2019-07-24,5.5000000000,5.4500000000,5.3700000000,5.5300000000,1.663589,2600000,0
2019-07-25,5.5000000000,5.5000000000,5.4200000000,5.5300000000,0.000000,3339500,0
2019-07-26,5.5100000000,5.4800000000,5.4600000000,5.5300000000,0.181800,2096578,0
2019-07-29,5.7000000000,5.5500000000,5.5100000000,5.7600000000,3.448268,6702777,0
2019-07-30,5.6800000000,5.7800000000,5.6700000000,5.7800000000,-0.350900,3285000,0
2019-07-31,5.6600000000,5.6700000000,5.6300000000,5.7100000000,-0.352100,3149804,0
2019-08-01,5.7900000000,5.6600000000,5.6200000000,5.8700000000,2.296800,5993813,0
2019-08-02,5.8200000000,5.7300000000,5.6600000000,5.9600000000,0.518100,6826798,0
2019-08-05,5.7900000000,5.7600000000,5.7000000000,5.9400000000,-0.515500,5522000,0
2019-08-06,5.6400000000,5.6700000000,5.4000000000,5.7300000000,-2.590700,6718209,0
2019-08-07,5.6200000000,5.7300000000,5.6200000000,5.7700000000,-0.354600,2198000,0
2019-08-08,5.6600000000,5.6200000000,5.5900000000,5.7200000000,0.711700,2673800,0
2019-08-09,5.6500000000,5.6400000000,5.6000000000,5.7100000000,-0.176700,2601600,0
2019-08-12,5.7500000000,5.6500000000,5.6400000000,5.7600000000,1.769900,2263502,0
2019-08-13,5.8900000000,5.6800000000,5.6800000000,5.8900000000,2.434800,4291300,0
2019-08-14,6.0300000000,5.9000000000,5.8900000000,6.0700000000,2.376900,7352904,0
2019-08-15,5.9400000000,5.9300000000,5.8400000000,6.0000000000,-1.492500,6759203,0
2019-08-16,6.0600000000,5.9300000000,5.9300000000,6.1200000000,2.020200,5043400,0
2019-08-19,6.1300000000,6.1400000000,6.0500000000,6.1700000000,1.155100,4736800,0
2019-08-20,6.2200000000,6.1300000000,6.1000000000,6.2400000000,1.468200,6281764,0
2019-08-21,6.2900000000,6.2400000000,6.1500000000,6.3400000000,1.125400,4538600,0
2019-08-22,6.6000000000,6.2600000000,6.2600000000,6.7300000000,4.928500,10086203,0
2019-08-23,6.4900000000,6.5500000000,6.3900000000,6.6200000000,-1.666700,8472534,0
2019-08-26,6.5000000000,6.3900000000,6.3000000000,6.5200000000,0.154100,5100740,0
2019-08-27,6.6300000000,6.5200000000,6.4200000000,6.6400000000,2.000000,5129902,0
2019-08-28,6.6700000000,6.6300000000,6.5500000000,6.7900000000,0.603300,5695791,0
2019-08-29,6.6500000000,6.7100000000,6.6000000000,6.7500000000,-0.299800,4677523,0
2019-08-30,6.6800000000,6.6700000000,6.5700000000,6.8000000000,0.451100,6590201,0
2019-09-02,6.7200000000,6.6600000000,6.6300000000,6.8200000000,0.598800,6017018,0
2019-09-03,6.8000000000,6.7200000000,6.7200000000,6.8500000000,1.190500,4911500,0
2019-09-04,6.8100000000,6.8500000000,6.7000000000,6.8600000000,0.147100,4950500,0
2019-09-05,6.6800000000,6.8500000000,6.6800000000,6.8500000000,-1.909000,6953700,0
2019-09-06,6.6500000000,6.7300000000,6.5000000000,6.7300000000,-0.449100,6891501,0
2019-09-09,6.4500000000,6.6300000000,6.3700000000,6.7100000000,-3.007500,10695004,0
2019-09-10,6.2300000000,6.4500000000,6.1700000000,6.4900000000,-3.410800,12108808,0
2019-09-11,6.1700000000,6.2300000000,6.1500000000,6.3000000000,-0.963100,6197800,0
2019-09-12,6.2000000000,6.1700000000,6.1400000000,6.2500000000,0.486200,4657700,0
2019-09-16,6.1300000000,6.1900000000,6.0600000000,6.2300000000,-1.129000,5360121,0
2019-09-17,5.9700000000,6.1500000000,5.8700000000,6.1500000000,-2.610100,6345108,0
2019-09-18,5.9200000000,6.0000000000,5.9100000000,6.0200000000,-0.837500,2827885,0
2019-09-19,6.1200000000,5.9400000000,5.8200000000,6.1400000000,3.378400,6588501,0
2019-09-20,6.2700000000,6.1100000000,6.0700000000,6.3000000000,2.451000,8904111,0
2019-09-23,6.2800000000,6.2500000000,6.1100000000,6.3700000000,0.159500,4479616,0
2019-09-24,6.1900000000,6.3000000000,6.1700000000,6.3200000000,-1.433100,3072836,0
2019-09-25,6.0500000000,6.1900000000,6.0400000000,6.1900000000,-2.261700,3362310,0
2019-09-26,6.0200000000,6.1100000000,5.9900000000,6.1200000000,-0.495900,2860000,0
2019-09-27,6.2100000000,6.0300000000,5.9900000000,6.2500000000,3.156100,4484000,0
2019-09-30,6.2300000000,6.2500000000,6.1100000000,6.2500000000,0.322100,3408716,0
2019-10-08,6.2300000000,6.2800000000,6.1900000000,6.2900000000,0.000000,2316800,0
2019-10-09,6.2700000000,6.2600000000,6.1700000000,6.2800000000,0.642100,1864202,0
2019-10-10,6.2700000000,6.2700000000,6.2200000000,6.3200000000,0.000000,2352200,0
2019-10-11,6.2300000000,6.3100000000,6.2300000000,6.3200000000,-0.638000,1417200,0
2019-10-14,6.2200000000,6.2400000000,6.2000000000,6.3300000000,-0.160500,2437105,0
2019-10-15,6.1000000000,6.2600000000,6.0500000000,6.2600000000,-1.929300,2116700,0
2019-10-16,6.1200000000,6.0800000000,6.0100000000,6.2700000000,0.327900,2846778,0
2019-10-17,5.9900000000,6.1200000000,5.9500000000,6.1200000000,-2.124200,3194645,0
2019-10-18,5.9900000000,5.9800000000,5.8700000000,6.0900000000,0.000000,2333720,0
2019-10-21,5.9800000000,5.9800000000,5.7700000000,5.9900000000,-0.166900,3738318,0
2019-10-22,5.9400000000,6.0100000000,5.9100000000,6.0300000000,-0.668900,2069038,0
2019-10-23,5.8800000000,5.9500000000,5.8500000000,5.9600000000,-1.010100,1181007,0
2019-10-24,5.8500000000,5.8800000000,5.8000000000,5.9300000000,-0.510200,987900,0
2019-10-25,5.9500000000,5.8300000000,5.8000000000,5.9700000000,1.709400,1811252,0
2019-10-28,6.0400000000,5.9700000000,5.9400000000,6.0500000000,1.512600,1913400,0
2019-10-29,6.0400000000,6.1400000000,6.0000000000,6.1400000000,0.000000,1679351,0
2019-10-30,6.1200000000,6.0100000000,5.9500000000,6.1200000000,1.324500,2483201,0
2019-10-31,6.1300000000,6.1600000000,6.1200000000,6.1800000000,0.163400,2077945,0
2019-11-01,6.2500000000,6.1300000000,6.1000000000,6.2700000000,1.957600,2400369,0
2019-11-04,6.3000000000,6.2500000000,6.2500000000,6.3800000000,0.800000,2669600,0
2019-11-05,6.2900000000,6.3900000000,6.2700000000,6.3900000000,-0.158700,1872700,0
2019-11-06,6.2200000000,6.3000000000,6.1900000000,6.3000000000,-1.112900,2055445,0
2019-11-07,6.2600000000,6.2500000000,6.1800000000,6.2900000000,0.643100,3356585,0
2019-11-08,6.3500000000,6.3200000000,6.2200000000,6.3500000000,1.437700,5309596,0
2019-11-11,6.1400000000,6.3500000000,6.1300000000,6.3500000000,-3.307100,3644501,0
2019-11-12,6.2500000000,6.1500000000,6.1200000000,6.2700000000,1.791500,2303400,0
2019-11-13,6.2700000000,6.1600000000,6.1500000000,6.2700000000,0.320000,1796000,0
2019-11-14,6.2900000000,6.2100000000,6.1700000000,6.3300000000,0.319000,1741415,0
2019-11-15,6.1500000000,6.2600000000,6.1500000000,6.2800000000,-2.225800,1346000,0
2019-11-18,6.1400000000,6.1200000000,6.1000000000,6.2100000000,-0.162600,1352340,0
2019-11-19,6.2800000000,6.2200000000,6.1700000000,6.2800000000,2.280100,1324582,0
2019-11-20,6.2000000000,6.2600000000,6.1800000000,6.2900000000,-1.273900,840400,0
2019-11-21,6.1400000000,6.1800000000,6.1000000000,6.2400000000,-0.967700,1234176,0
2019-11-22,6.1500000000,6.1300000000,5.9800000000,6.1700000000,0.162900,2105000,0
2019-11-25,6.1300000000,6.1400000000,6.0500000000,6.1700000000,-0.325200,1287700,0
2019-11-26,6.2600000000,6.0800000000,6.0700000000,6.2700000000,2.120700,5626927,0
2019-11-27,6.2900000000,6.2400000000,6.1700000000,6.4000000000,0.479200,4431911,0
2019-11-28,6.2700000000,6.3100000000,6.2300000000,6.3600000000,-0.318000,2544816,0
2019-11-29,6.1200000000,6.2300000000,6.1000000000,6.3000000000,-2.392300,2177258,0
2019-12-02,6.3800000000,6.1400000000,6.1100000000,6.3900000000,4.248400,2581147,0
2019-12-03,6.4200000000,6.3100000000,6.3100000000,6.4300000000,0.627000,3009616,0
2019-12-04,6.4600000000,6.3900000000,6.3300000000,6.4900000000,0.623100,2345284,0
2019-12-05,6.4700000000,6.4500000000,6.4200000000,6.5000000000,0.154800,1479311,0
2019-12-06,6.4800000000,6.4400000000,6.4300000000,6.5100000000,0.154600,1655722,0
2019-12-09,6.5800000000,6.5100000000,6.4900000000,6.6300000000,1.543200,2774460,0
2019-12-10,6.5300000000,6.6200000000,6.5200000000,6.6400000000,-0.759900,2192106,0
2019-12-11,6.5100000000,6.5200000000,6.3500000000,6.5400000000,-0.306300,3440100,0
2019-12-12,6.3100000000,6.4700000000,6.3000000000,6.5000000000,-3.072200,2974600,0
2019-12-13,6.2600000000,6.3500000000,6.2600000000,6.3600000000,-0.792400,1841309,0
2019-12-16,6.3600000000,6.3000000000,6.2700000000,6.3600000000,1.597400,2038402,0
2019-12-17,6.3700000000,6.3700000000,6.3000000000,6.4000000000,0.157200,1697706,0
2019-12-18,6.3800000000,6.4000000000,6.3000000000,6.4000000000,0.157000,1916400,0
2019-12-19,6.2900000000,6.3600000000,6.2800000000,6.3600000000,-1.410700,1961533,0
2019-12-20,6.3300000000,6.3100000000,6.2900000000,6.3500000000,0.635900,1571047,0
2019-12-23,6.2700000000,6.3200000000,6.2200000000,6.3400000000,-0.947900,2306909,0
2019-12-24,6.2600000000,6.3100000000,6.2200000000,6.3100000000,-0.159500,1332961,0
2019-12-25,6.2300000000,6.2600000000,6.2000000000,6.2900000000,-0.479200,1128001,0
2019-12-26,6.2100000000,6.2300000000,6.1600000000,6.2600000000,-0.321000,1454300,0
2019-12-27,6.1500000000,6.1800000000,6.1500000000,6.2300000000,-0.966200,1561012,0
2019-12-30,6.1300000000,6.1500000000,6.0000000000,6.1600000000,-0.325200,2026677,0
2019-12-31,6.4700000000,6.1500000000,6.1100000000,6.4900000000,5.546500,6529142,0
