date,close,open,low,high,pctChg,volume,isST
2019-01-02,6.6031322400,6.5831832000,6.5432851200,6.6530048400,0.455231,15435149,0
2019-01-03,6.6829284000,6.5931577200,6.5333106000,6.7028774400,1.208458,16757919,0
2019-01-04,6.8724442800,6.6330558000,6.6131067600,6.8824188000,2.835822,21518050,0
2019-01-07,7.1816544000,6.8923933200,6.8225716800,7.2415015200,4.499274,62631145,0
2019-01-08,7.1517308400,7.1218072800,7.0719346800,7.4010938400,-0.416663,47506814,0
2019-01-09,7.4310174000,7.6005842400,7.3312722000,7.8399727200,3.905157,74995986,0
2019-01-10,7.3611957600,7.4310174000,7.1916289200,7.5307626000,-0.939593,25522454,0
2019-01-11,7.6205332800,7.2714250800,7.2415015200,7.7202784800,3.523032,30349953,0
2019-01-14,7.4808900000,7.7003294400,7.4310174000,7.8698962800,-1.832459,37547184,0
2019-01-15,7.5008390400,7.4509664400,7.4409919200,7.6005842400,0.266666,24964453,0
2019-01-16,7.4409919200,7.5407371200,7.4010938400,7.7103039600,-0.797872,29509406,0
2019-01-17,7.4709154800,7.5108135600,7.3811448000,7.6105587600,0.402141,20619774,0
2019-01-18,7.4010938400,7.4709154800,7.2215524800,7.5207880800,-0.934575,33070197,0
2019-01-21,7.4808900000,7.5507116400,7.4310174000,7.5706606800,1.078166,21398931,0
2019-01-22,7.2913741200,7.5407371200,7.2614505600,7.5507116400,-2.533334,17014112,0
2019-01-23,7.2813996000,7.3212976800,7.2215524800,7.3911193200,-0.136795,22419644,0
2019-01-24,7.3212976800,7.3212976800,7.2415015200,7.3611957600,0.547945,16523291,0
2019-01-25,7.5606861600,7.3113231600,7.3113231600,7.6803804000,3.269752,30783694,0
2019-01-28,7.5706606800,7.6105587600,7.4709154800,7.6903549200,0.131929,22285872,0
2019-01-29,7.3811448000,7.6305078000,7.3412467200,7.7202784800,-2.503294,32952308,0
2019-01-30,7.6105587600,7.1916289200,7.0918837200,7.7103039600,3.108109,42557712,0
2019-01-31,7.5008390400,7.5307626000,7.4409919200,7.6704058800,-1.441679,22753920,0
2019-02-01,7.6803804000,7.4609409600,7.3412467200,7.6803804000,2.393615,27513255,0
2019-02-11,7.7701510800,7.6604313600,7.5507116400,7.8299982000,1.168833,22186873,0
2019-02-12,8.1890809200,7.7901001200,7.7901001200,8.3087751600,5.391529,41169705,0
2019-02-13,8.5581381600,8.2190044800,8.0993102400,9.0069915600,4.506698,49385518,0
2019-02-14,8.3187496800,8.3586477600,8.2289790000,8.4883165200,-2.797200,38120092,0
2019-02-15,8.0394631200,8.2988006400,7.9696414800,8.3287242000,-3.357311,36357431,0
2019-02-18,8.1691318800,7.8898453200,7.8898453200,8.1890809200,1.612893,47576223,0
2019-02-19,8.0993102400,8.1392083200,8.0594121600,8.2289790000,-0.854697,31530810,0
2019-02-20,8.3486732400,8.1092847600,8.0494376400,8.4085203600,3.078818,37735032,0
2019-02-21,8.4484184400,8.3486732400,8.3087751600,8.7775776000,1.194748,46281814,0
2019-02-22,8.6479088400,8.5481636400,8.3885713200,8.7177304800,2.361273,27310318,0
2019-02-25,8.9172208800,8.6479088400,8.5381891200,8.9371699200,3.114181,43090187,0
2019-02-26,8.7077559600,8.8773228000,8.6878069200,8.9870425200,-2.348994,34666941,0
2019-02-27,8.5381891200,8.6977814400,8.4583929600,8.8174756800,-1.947298,27685182,0
2019-02-28,8.5082655600,8.5581381600,8.5082655600,8.7676030800,-0.350475,19890831,0
2019-03-01,8.7277050000,8.5780872000,8.5282146000,8.7476540400,2.579136,19893887,0
2019-03-04,8.7476540400,8.7277050000,8.6878069200,8.9970170400,0.228577,32451289,0
2019-03-05,8.7676030800,8.7277050000,8.6778324000,8.8872973200,0.228045,23215480,0
2019-03-06,8.8473992400,8.7476540400,8.6479088400,8.9371699200,0.910124,38422081,0
2019-03-07,8.5880617200,8.8473992400,8.5780872000,8.9072463600,-2.931231,36819808,0
2019-03-08,7.8499472400,8.4583929600,7.8399727200,8.4583929600,-8.594655,68231107,0
2019-03-11,8.0793612000,7.8499472400,7.7801256000,8.1092847600,2.922497,33846161,0
2019-03-12,8.0294886000,8.1292338000,7.9397179200,8.1990554400,-0.617286,44516227,0
2019-03-13,7.7103039600,8.0195140800,7.6005842400,8.0195140800,-3.975157,57369460,0
2019-03-14,7.7003294400,7.6903549200,7.5806352000,7.7502020400,-0.129369,24341267,0
2019-03-15,7.8399727200,7.7103039600,7.7003294400,7.9197688800,1.813476,34654995,0
2019-03-18,7.9496924400,7.8499472400,7.7502020400,7.9696414800,1.399487,33250093,0
2019-03-19,7.8399727200,7.9596669600,7.7701510800,7.9995650400,-1.380171,33772501,0
2019-03-20,7.8399727200,7.8100491600,7.7502020400,7.9496924400,0.000000,29548114,0
2019-03-21,7.9496924400,7.8599217600,7.7901001200,8.0195140800,1.399487,33293512,0
2019-03-22,8.7476540400,7.9496924400,7.9097943600,8.7476540400,10.037650,49593798,0
2019-03-25,8.7875521200,8.7775776000,8.5980362400,9.3660742800,0.456100,185268269,0
2019-03-26,8.2489280400,8.6578833600,8.1890809200,8.7676030800,-6.129398,78254754,0
2019-03-27,8.2888261200,8.2489280400,8.1591573600,8.4384439200,0.483675,47733316,0
2019-03-28,8.0993102400,8.3386987200,8.0494376400,8.4085203600,-2.286408,39201708,0
2019-03-29,8.2589025600,8.0594121600,7.9596669600,8.2788516000,1.970441,45733996,0
2019-04-01,8.5780872000,8.3287242000,8.2489280400,8.7676030800,3.864742,73330496,0
2019-04-02,8.5082655600,8.6279598000,8.4085203600,8.6578833600,-0.813961,54354336,0
2019-04-03,8.8673482800,8.4583929600,8.3885713200,8.9471444400,4.220406,92853303,0
2019-04-04,9.3959978400,8.9571189600,8.9571189600,9.6553353600,5.961751,122813424,0
2019-04-08,9.3860233200,9.7052079600,9.1965074400,9.7052079600,-0.106160,76133165,0
2019-04-09,9.4458704400,9.3860233200,9.2463800400,9.5855137200,0.637624,58347655,0
2019-04-10,10.1041887600,9.3560997600,9.3062271600,10.3834753200,6.969375,121053621,0
2019-04-11,9.9745200000,10.1440868400,9.9645454800,10.7425580400,-1.283318,100823922,0
2019-04-12,10.0243926000,10.2737556000,9.8548257600,10.4034243600,0.500002,66826973,0
2019-04-15,9.4757940000,9.9545709600,9.4558449600,10.0543161600,-5.472639,82113678,0
2019-04-16,9.3660742800,9.4757940000,9.0768132000,9.4757940000,-1.157891,67246569,0
2019-04-17,10.2937046400,9.4358959200,9.4059723600,10.2937046400,9.904146,100700276,0
2019-04-18,9.7949786400,10.3036791600,9.7850041200,10.3435772400,-4.844961,58185483,0
2019-04-19,9.8348767200,9.7750296000,9.5356411200,10.0543161600,0.407332,39110297,0
2019-04-22,9.3660742800,9.8249022000,9.2862781200,9.8249022000,-4.766727,42894836,0
2019-04-23,9.2463800400,9.3760488000,9.1566093600,9.4658194800,-1.277954,30057917,0
2019-04-24,9.2763036000,9.2563545600,9.0867877200,9.4558449600,0.323622,31336639,0
2019-04-25,8.8174756800,9.2364055200,8.7975266400,9.2364055200,-4.946237,32719737,0
2019-04-26,8.6778324000,8.7376795200,8.4783420000,8.8274502000,-1.583714,33298527,0
2019-04-29,8.5282146000,8.6379343200,8.2888261200,8.8374247200,-1.724134,31253534,0
2019-04-30,8.5282146000,8.3985458400,8.3287242000,8.5780872000,0.000000,18144402,0
2019-05-06,7.8000746400,8.0793612000,7.6803804000,8.1791064000,-8.538012,37673551,0
2019-05-07,7.8998198400,7.8299982000,7.7701510800,8.0394631200,1.278771,17788617,0
2019-05-08,7.8200236800,7.7302530000,7.6504568400,8.0693866800,-1.010100,14021086,0
2019-05-09,7.6404823200,7.7801256000,7.6205332800,7.8698962800,-2.295922,11920154,0
2019-05-10,7.9796160000,7.6704058800,7.6704058800,8.0294886000,4.438644,21850175,0
2019-05-13,7.8499472400,7.9796160000,7.8100491600,7.9796160000,-1.625001,9009581,0
2019-05-14,7.7402275200,7.7502020400,7.7003294400,7.9496924400,-1.397709,10221921,0
2019-05-15,7.9796160000,7.8000746400,7.7701510800,7.9895905200,3.092781,14812682,0
2019-05-16,8.0594121600,8.0095395600,7.9297434000,8.1092847600,0.999999,16799106,0
2019-05-17,7.7901001200,8.0294886000,7.7302530000,8.0294886000,-3.341584,17010516,0
2019-05-20,7.2215524800,7.7103039600,7.1417563200,7.7502020400,-7.298337,27228864,0
2019-05-21,7.2714250800,7.2415015200,7.1816544000,7.3811448000,0.690610,13066292,0
2019-05-22,7.1317818000,7.2614505600,7.0619601600,7.3312722000,-1.920437,19278477,0
2019-05-23,6.7527500400,7.1218072800,6.7028774400,7.1218072800,-5.314687,28645984,0
2019-05-24,6.9522404400,6.7128519600,6.7028774400,7.1617053600,2.954207,28976309,0
2019-05-27,6.9223168800,6.8724442800,6.5931577200,7.1118327600,-0.430412,35648841,0
2019-05-28,7.1118327600,6.8824188000,6.7926481200,7.2614505600,2.737753,34715592,0
2019-05-29,7.1417563200,7.0220620800,7.0220620800,7.2115779600,0.420754,15450106,0
2019-05-30,7.0619601600,7.1417563200,6.9921385200,7.2315270000,-1.117317,16278486,0
2019-05-31,6.9821640000,7.0719346800,6.9123423600,7.1218072800,-1.129943,14569957,0
2019-06-03,6.9422659200,7.0320366000,6.8524952400,7.1517308400,-0.571428,19481352,0
2019-06-04,6.7726990800,6.9522404400,6.6929029200,6.9522404400,-2.442530,16335816,0
2019-06-05,6.4734634800,6.8325462000,6.2739730800,6.8923933200,-4.418265,38055656,0
2019-06-06,6.5333106000,6.5033870400,6.4435399200,6.6330558000,0.924506,20424927,0
2019-06-10,6.4634889600,6.6829284000,6.4036418400,6.7627245600,-1.068705,28008829,0
2019-06-11,6.6829284000,6.4634889600,6.3038966400,6.6829284000,3.395059,31237321,0
2019-06-12,6.5931577200,6.6330558000,6.5333106000,6.6629793600,-1.343279,17410837,0
2019-06-13,6.5532596400,6.5632341600,6.4136163600,6.6031322400,-0.605143,18036028,0
2019-06-14,6.4435399200,6.5831832000,6.3637437600,6.5831832000,-1.674279,20243567,0
2019-06-17,6.3238456800,6.3936673200,6.3038966400,6.4335654000,-1.857583,16153013,0
2019-06-18,6.3038966400,6.3238456800,6.2839476000,6.3537692400,-0.315457,9758877,0
2019-06-19,6.3038966400,6.4036418400,6.2739730800,6.4834380000,0.000000,32362095,0
2019-06-20,6.4036418400,6.3138711600,6.2540240400,6.4634889600,1.582277,33644672,0
2019-06-21,6.6430303200,6.4235908800,6.4136163600,6.6629793600,3.738314,35375238,0
2019-06-24,6.7328010000,6.6031322400,6.5033870400,6.7627245600,1.351354,32430678,0
2019-06-25,6.5732086800,6.6629793600,6.5333106000,6.7028774400,-2.370368,21464474,0
2019-06-26,6.5732086800,6.5432851200,6.4934125200,6.6629793600,0.000000,12907798,0
2019-06-27,6.6430303200,6.5532596400,6.5532596400,6.7028774400,1.062211,19380371,0
2019-06-28,6.6131067600,6.6829284000,6.5532596400,6.6829284000,-0.450447,12979766,0
2019-07-01,6.9921385200,6.7328010000,6.6829284000,7.0918837200,5.731525,34757308,0
2019-07-02,7.1118327600,7.0719346800,7.0519856400,7.4210428800,1.711838,48710847,0
2019-07-03,7.2215524800,7.1018582400,7.0120875600,7.3312722000,1.542772,36100025,0
2019-07-04,7.2016034400,7.2016034400,7.1118327600,7.4509664400,-0.276243,28645279,0
2019-07-05,7.1816544000,7.2115779600,7.0819092000,7.3013486400,-0.277008,14183082,0
2019-07-08,6.9721894800,7.1018582400,6.8923933200,7.1218072800,-2.916667,23222146,0
2019-07-09,7.0120875600,6.9821640000,6.9223168800,7.1716798800,0.572252,22183888,0
2019-07-10,6.8125971600,7.0120875600,6.7627245600,7.0619601600,-2.844954,19958115,0
2019-07-11,6.6829284000,6.8225716800,6.5931577200,6.8824188000,-1.903369,25560977,0
2019-07-12,6.6131067600,6.7328010000,6.5831832000,6.7328010000,-1.044772,15244802,0
2019-07-15,7.1118327600,6.5831832000,6.5732086800,7.2714250800,7.541478,71483002,0
2019-07-16,7.0420111200,7.1118327600,6.9921385200,7.3312722000,-0.981770,43384815,0
2019-07-17,7.1118327600,7.1218072800,7.0120875600,7.2415015200,0.991504,30844123,0
2019-07-18,7.1816544000,7.0619601600,6.9921385200,7.2215524800,0.981763,25672011,0
2019-07-19,7.3811448000,7.1617053600,7.1517308400,7.4709154800,2.777782,32605832,0
2019-07-22,7.3113231600,7.4509664400,7.2813996000,7.4709154800,-0.945948,18908999,0
2019-07-23,7.7502020400,7.3611957600,7.2115779600,7.7601765600,6.002729,36766950,0
2019-07-24,7.7801256000,7.7302530000,7.6604313600,8.0294886000,0.386103,29619284,0
2019-07-25,7.8299982000,7.7901001200,7.6704058800,7.8998198400,0.641022,16810274,0
2019-07-26,7.7100000000,7.7900000000,7.6900000000,7.9800000000,-1.532600,18404254,0
2019-07-29,7.8700000000,7.7500000000,7.5700000000,7.9300000000,2.075225,29556373,0
2019-07-30,8.0300000000,7.8200000000,7.7500000000,8.0700000000,2.033000,24714846,0
2019-07-31,7.9200000000,7.9600000000,7.8300000000,8.0000000000,-1.369900,18765351,0
2019-08-01,7.7500000000,7.8800000000,7.6700000000,7.9400000000,-2.146500,16568694,0
2019-08-02,7.5100000000,7.5300000000,7.4100000000,7.6800000000,-3.096800,33329553,0
2019-08-05,7.4500000000,7.5400000000,7.3600000000,7.7000000000,-0.798900,22761936,0
2019-08-06,7.2800000000,7.3600000000,7.0000000000,7.4200000000,-2.281900,27177477,0
2019-08-07,7.2100000000,7.2200000000,7.1700000000,7.3900000000,-0.961500,15705222,0
2019-08-08,7.5000000000,7.2800000000,7.2500000000,7.5100000000,4.022200,24010078,0
2019-08-09,7.4900000000,7.5400000000,7.4400000000,7.6400000000,-0.133300,23831005,0
2019-08-12,7.5600000000,7.5300000000,7.4700000000,7.6800000000,0.934600,16545776,0
2019-08-13,7.5000000000,7.6000000000,7.3600000000,7.6100000000,-0.793700,22400650,0
2019-08-14,7.7600000000,7.6200000000,7.5700000000,7.8600000000,3.466700,29492833,0
2019-08-15,8.4000000000,7.6000000000,7.5700000000,8.4900000000,8.247400,56572584,0
2019-08-16,8.5500000000,8.4900000000,8.3300000000,8.5900000000,1.785700,28851427,0
2019-08-19,8.5800000000,8.5100000000,8.3900000000,8.6600000000,0.350900,28277133,0
2019-08-20,8.4500000000,8.5200000000,8.4200000000,8.6900000000,-1.515200,22351099,0
2019-08-21,8.4000000000,8.4300000000,8.3000000000,8.5600000000,-0.591700,21266585,0
2019-08-22,8.4000000000,8.4700000000,8.2600000000,8.4700000000,0.000000,20934986,0
2019-08-23,8.2300000000,8.4200000000,8.1300000000,8.4400000000,-2.023800,21333255,0
2019-08-26,8.1800000000,8.0700000000,8.0300000000,9.0000000000,-0.607500,55419270,0
2019-08-27,8.2800000000,8.1800000000,8.0400000000,8.5600000000,1.222500,44284001,0
2019-08-28,8.3400000000,8.5100000000,8.2700000000,8.8500000000,0.724600,46220405,0
2019-08-29,8.1700000000,8.3200000000,8.1500000000,8.3300000000,-2.038400,19883738,0
2019-08-30,8.0000000000,8.1800000000,7.9700000000,8.2100000000,-2.080800,21443715,0
2019-09-02,8.1200000000,7.9100000000,7.9100000000,8.2400000000,1.500000,18266555,0
2019-09-03,8.1300000000,8.1800000000,8.0500000000,8.2500000000,0.123200,16658035,0
2019-09-04,8.3100000000,8.1900000000,8.1500000000,8.4500000000,2.214000,31241893,0
2019-09-05,8.4500000000,8.3500000000,8.3100000000,8.5800000000,1.684700,26477973,0
2019-09-06,8.8000000000,8.5900000000,8.5900000000,8.9700000000,4.142000,44437488,0
2019-09-09,8.7600000000,8.9000000000,8.6600000000,8.9600000000,-0.454500,23959418,0
2019-09-10,8.5100000000,8.7600000000,8.4300000000,8.7600000000,-2.853900,30351853,0
2019-09-11,8.5500000000,8.5100000000,8.3700000000,8.6300000000,0.470000,24336210,0
2019-09-12,8.4400000000,8.5600000000,8.3400000000,8.5900000000,-1.286600,24394870,0
2019-09-16,8.2600000000,8.5100000000,8.1600000000,8.5500000000,-2.132700,34056149,0
2019-09-17,8.0400000000,8.2100000000,8.0000000000,8.2500000000,-2.663400,25140117,0
2019-09-18,8.1100000000,8.0700000000,8.0500000000,8.1300000000,0.870600,14916592,0
2019-09-19,8.2000000000,8.1000000000,8.0000000000,8.2100000000,1.109700,16295977,0
2019-09-20,8.2700000000,8.1900000000,8.1900000000,8.4100000000,0.853700,20397494,0
2019-09-23,7.9700000000,8.2100000000,7.9000000000,8.2400000000,-3.627600,23730896,0
2019-09-24,7.9200000000,7.9600000000,7.8600000000,8.0500000000,-0.627300,17373190,0
2019-09-25,7.7100000000,7.8600000000,7.5000000000,7.8700000000,-2.651500,26473307,0
2019-09-26,7.5100000000,7.7300000000,7.5000000000,7.7500000000,-2.594000,20758339,0
2019-09-27,7.3900000000,7.5500000000,7.3700000000,7.6300000000,-1.597900,25820079,0
2019-09-30,7.4100000000,7.4500000000,7.3800000000,7.5400000000,0.270600,15464306,0
2019-10-08,7.5200000000,7.4200000000,7.4200000000,7.5700000000,1.484500,14997188,0
2019-10-09,7.7000000000,7.5300000000,7.5000000000,7.7500000000,2.393600,20768763,0
2019-10-10,7.8200000000,7.7000000000,7.6500000000,7.8700000000,1.558400,16167746,0
2019-10-11,7.8400000000,7.8000000000,7.7300000000,7.9100000000,0.255800,16644989,0
2019-10-14,7.8400000000,7.8700000000,7.7400000000,8.0000000000,0.000000,30132539,0
2019-10-15,7.7500000000,7.7500000000,7.6400000000,7.8200000000,-1.148000,14602718,0
2019-10-16,7.5800000000,7.7900000000,7.5100000000,7.7900000000,-2.193500,17283644,0
2019-10-17,7.6100000000,7.6100000000,7.5600000000,7.7200000000,0.395800,9393099,0
2019-10-18,7.2500000000,7.6500000000,7.2300000000,7.6900000000,-4.730600,23172820,0
2019-10-21,7.1700000000,7.2500000000,7.0800000000,7.2800000000,-1.103400,16487573,0
2019-10-22,7.3700000000,7.1700000000,7.1700000000,7.4100000000,2.789400,16306613,0
2019-10-23,7.2900000000,7.3300000000,7.2100000000,7.4200000000,-1.085500,8763449,0
2019-10-24,7.2600000000,7.2700000000,7.1700000000,7.3200000000,-0.411500,9904316,0
2019-10-25,7.3200000000,7.2900000000,7.2000000000,7.3400000000,0.826400,10559476,0
2019-10-28,7.4200000000,7.2600000000,7.2500000000,7.5500000000,1.366100,19531597,0
2019-10-29,7.3500000000,7.4300000000,7.3300000000,7.4800000000,-0.943400,11289721,0
2019-10-30,7.1400000000,7.3500000000,7.1000000000,7.3600000000,-2.857100,14792693,0
2019-10-31,7.1600000000,7.1300000000,7.1200000000,7.2800000000,0.280100,11046634,0
2019-11-01,7.4700000000,7.2800000000,7.2200000000,7.5100000000,4.329600,32833171,0
2019-11-04,7.6400000000,7.5400000000,7.4200000000,7.7500000000,2.275800,27742973,0
2019-11-05,7.5800000000,7.6300000000,7.5600000000,7.7200000000,-0.785300,20566094,0
2019-11-06,7.4700000000,7.6300000000,7.4200000000,7.6300000000,-1.451200,14559661,0
2019-11-07,7.5800000000,7.5200000000,7.5100000000,7.8800000000,1.472600,37154650,0
2019-11-08,8.0500000000,7.6100000000,7.6100000000,8.2500000000,6.200500,65253465,0
2019-11-11,8.2100000000,8.0600000000,7.9300000000,8.3000000000,1.987600,63207466,0
2019-11-12,8.2100000000,8.2100000000,8.1400000000,8.3200000000,0.000000,31122531,0
2019-11-13,8.1500000000,8.2200000000,8.0800000000,8.2500000000,-0.730800,23797214,0
2019-11-14,8.1700000000,8.1700000000,8.0600000000,8.3100000000,0.245400,23068632,0
2019-11-15,8.0900000000,8.1600000000,8.0600000000,8.3700000000,-0.979200,32017432,0
2019-11-18,8.1600000000,8.0300000000,8.0000000000,8.2500000000,0.865300,26645189,0
2019-11-19,8.6600000000,8.2400000000,8.2300000000,8.7000000000,6.127500,63968185,0
2019-11-20,8.6400000000,8.7400000000,8.5600000000,8.7500000000,-0.230900,29096982,0
2019-11-21,8.6500000000,8.6000000000,8.5400000000,8.7800000000,0.115700,18969321,0
2019-11-22,8.5200000000,8.6600000000,8.4500000000,8.8500000000,-1.502900,29593683,0
2019-11-25,8.6600000000,8.5400000000,8.5000000000,8.7300000000,1.643200,20851674,0
2019-11-26,8.8500000000,8.7300000000,8.5800000000,8.8500000000,2.194000,22800852,0
2019-11-27,8.4800000000,8.7700000000,8.2800000000,8.8000000000,-4.180800,38370450,0
2019-11-28,8.3100000000,8.4400000000,8.2700000000,8.4900000000,-2.004700,26427659,0
2019-11-29,8.5200000000,8.3500000000,8.3400000000,8.6900000000,2.527100,27622965,0
2019-12-02,8.3600000000,8.5100000000,8.3000000000,8.5500000000,-1.877900,25762353,0
2019-12-03,8.5800000000,8.2800000000,8.2500000000,8.6000000000,2.631600,21236576,0
2019-12-04,8.4800000000,8.6800000000,8.3500000000,8.7200000000,-1.165500,23945509,0
2019-12-05,8.5900000000,8.4800000000,8.4500000000,8.5900000000,1.297200,15950156,0
2019-12-06,8.2800000000,8.6300000000,8.0700000000,8.6300000000,-3.608900,45880061,0
2019-12-09,8.1300000000,8.2200000000,8.0700000000,8.2300000000,-1.811600,21299933,0
2019-12-10,8.2600000000,8.1300000000,8.1300000000,8.3800000000,1.599000,21739076,0
2019-12-11,9.0900000000,8.4500000000,8.4500000000,9.0900000000,10.048400,77619900,0
2019-12-12,9.2200000000,9.1500000000,9.0000000000,9.2800000000,1.430100,80047629,0
2019-12-13,9.1900000000,9.2800000000,9.0000000000,9.2900000000,-0.325400,53190717,0
2019-12-16,9.1300000000,9.2300000000,9.0100000000,9.2800000000,-0.652900,41893367,0
2019-12-17,9.0400000000,9.1100000000,8.9000000000,9.1800000000,-0.985800,59503199,0
2019-12-18,9.4200000000,9.0500000000,8.9800000000,9.6600000000,4.203500,81936880,0
2019-12-19,9.4800000000,9.4000000000,9.3100000000,9.6500000000,0.636900,38027305,0
2019-12-20,9.7400000000,9.5600000000,9.5300000000,9.9700000000,2.742600,58426675,0
2019-12-23,9.5200000000,9.6900000000,9.4100000000,9.7500000000,-2.258700,34319123,0
2019-12-24,9.6700000000,9.5300000000,9.4200000000,9.7100000000,1.575600,24486711,0
2019-12-25,9.7500000000,9.7100000000,9.5500000000,9.9300000000,0.827300,28251759,0
2019-12-26,9.6700000000,9.7100000000,9.5000000000,9.7400000000,-0.820500,22976944,0
2019-12-27,9.5400000000,9.6600000000,9.5000000000,9.7300000000,-1.344400,23923844,0
2019-12-30,9.8200000000,9.5600000000,9.4300000000,9.9200000000,2.935000,37262594,0
2019-12-31,10.0300000000,9.7700000000,9.7500000000,10.0600000000,2.138500,32311900,0
