date,close,open,low,high,pctChg,volume,isST
2019-01-02,5.0773097600,5.0866430500,4.9933101500,5.1239762100,0.184166,5070236,0
2019-01-03,4.9839768600,5.0773097600,4.9559769900,5.0773097600,-1.838233,6796546,0
2019-01-04,5.0679764700,4.9933101500,4.9279771200,5.1239762100,1.685387,5680529,0
2019-01-07,5.2359756900,5.1239762100,5.0866430500,5.2733088500,3.314923,9415638,0
2019-01-08,5.1893092400,5.2359756900,5.1613093700,5.2546422700,-0.891269,4970118,0
2019-01-09,5.2266424000,5.2173091100,5.1893092400,5.3293085900,0.719424,7107271,0
2019-01-10,5.2266424000,5.2453089800,5.1893092400,5.2919754300,0.000000,4146216,0
2019-01-11,5.2359756900,5.2079758200,5.1706426600,5.2546422700,0.178575,3564395,0
2019-01-14,5.2546422700,5.2639755600,5.1613093700,5.2733088500,0.356506,5336266,0
2019-01-15,5.2733088500,5.2359756900,5.1986425300,5.2919754300,0.355239,6148701,0
2019-01-16,5.2453089800,5.2826421400,5.2266424000,5.2826421400,-0.530977,4700181,0
2019-01-17,5.1893092400,5.2453089800,5.1799759500,5.2733088500,-1.067615,3842700,0
2019-01-18,5.2453089800,5.2079758200,5.1799759500,5.2453089800,1.079136,3824409,0
2019-01-21,5.3853083300,5.2546422700,5.2359756900,5.4133082000,2.669041,11418124,0
2019-01-22,5.3386418800,5.3666417500,5.3013087200,5.4039749100,-0.866554,9730378,0
2019-01-23,5.5719741300,5.3199753000,5.2826421400,5.5813074200,4.370629,12946277,0
2019-01-24,5.5813074200,5.6186405800,5.5159743900,5.6466404500,0.167508,17876468,0
2019-01-25,5.5439742600,5.5439742600,5.4973078100,5.6373071600,-0.668896,7011401,0
2019-01-28,5.4226414900,5.5346409700,5.3199753000,5.5533075500,-2.188554,9745811,0
2019-01-29,5.3853083300,5.4133082000,5.0959763400,5.4599746500,-0.688468,7849074,0
2019-01-30,5.2359756900,5.3759750400,5.2266424000,5.4319747800,-2.772961,4026300,0
2019-01-31,5.2359756900,5.2919754300,5.1333095000,5.3386418800,0.000000,5592984,0
2019-02-01,5.3946416200,5.1893092400,5.1893092400,5.4133082000,3.030304,5501850,0
2019-02-11,5.4506413600,5.3946416200,5.3386418800,5.4599746500,1.038061,8308705,0
2019-02-12,5.4693079400,5.4693079400,5.4133082000,5.4973078100,0.342465,7566122,0
2019-02-13,5.5159743900,5.4506413600,5.4039749100,5.5533075500,0.853237,9553402,0
2019-02-14,5.4599746500,5.5159743900,5.4319747800,5.5159743900,-1.015227,7618789,0
2019-02-15,5.4693079400,5.4599746500,5.4133082000,5.5066411000,0.170944,7274273,0
2019-02-18,5.5906407100,5.5066411000,5.4879745200,5.6186405800,2.218424,10213257,0
2019-02-19,5.5719741300,5.6279738700,5.5159743900,5.7586399300,-0.333890,14959788,0
2019-02-20,5.4879745200,5.5719741300,5.4413080700,5.5813074200,-1.507532,8712549,0
2019-02-21,5.4506413600,5.4786412300,5.4226414900,5.5533075500,-0.680271,9765207,0
2019-02-22,5.6186405800,5.4319747800,5.4133082000,5.6559737400,3.082189,10723879,0
2019-02-25,5.8986392800,5.6839736100,5.5813074200,5.9173058600,4.983392,24175805,0
2019-02-26,5.9453057300,5.8893059900,5.7959730900,6.0479719200,0.791135,24206238,0
2019-02-27,6.0199720500,5.9079725700,5.8613061200,6.0759717900,1.255886,15051526,0
2019-02-28,6.0573052100,6.0199720500,5.9453057300,6.1133049500,0.620155,14273287,0
2019-03-01,6.0386386300,6.1319715300,5.9733056000,6.1319715300,-0.308166,8759473,0
2019-03-04,6.0666385000,6.0386386300,5.9639723100,6.1599714000,0.463682,21556982,0
2019-03-05,6.0853050800,6.0293053400,5.9453057300,6.0946383700,0.307692,13275661,0
2019-03-06,6.4493033900,6.0666385000,6.0573052100,6.6546357700,5.981593,26522748,0
2019-03-07,6.3933036500,6.4399701000,6.2719708800,6.5053031300,-0.868306,18533960,0
2019-03-08,6.4213035200,6.2906374600,6.1226382400,6.6079693200,0.437959,25318805,0
2019-03-11,6.7666352500,6.5333030000,6.4026369400,6.7853018300,5.377905,22866802,0
2019-03-12,6.8599681500,6.7759685400,6.6639690600,7.0466339500,1.379309,22970143,0
2019-03-13,7.0373006600,6.8319682800,6.6919689300,7.3732991000,2.585035,41079783,0
2019-03-14,7.0466339500,7.1213002700,6.8039684100,7.1773000100,0.132629,23621133,0
2019-03-15,7.2239664600,6.9999675000,6.9346344700,7.3452992300,2.516551,24302408,0
2019-03-18,7.0559672400,7.2706329100,6.8133017000,7.3079660700,-2.325579,27860196,0
2019-03-19,6.9906342100,7.0933004000,6.8693014400,7.1119669800,-0.925928,18408063,0
2019-03-20,7.0093007900,6.9906342100,6.7293020900,7.0653005300,0.267029,16838535,0
2019-03-21,7.0093007900,7.0093007900,6.8973013100,7.1493001400,0.000000,17616263,0
2019-03-22,7.1213002700,7.0466339500,6.9999675000,7.1773000100,1.597868,19271745,0
2019-03-25,6.9906342100,6.8226349900,6.7573019600,7.1679667200,-1.834867,17973355,0
2019-03-26,7.0093007900,7.1773000100,6.9253011800,7.3359659400,0.267029,21016726,0
2019-03-27,7.3826323900,7.0093007900,6.8693014400,7.4106322600,5.326226,21135300,0
2019-03-28,7.2332997500,7.4012989700,7.0746338200,7.4199655500,-2.022754,22509843,0
2019-03-29,7.2519663300,7.1679667200,7.1679667200,7.3452992300,0.258064,15848714,0
2019-04-01,7.3639658100,7.2799662000,7.0746338200,7.4012989700,1.544400,27635080,0
2019-04-02,7.3359659400,7.3546325200,7.2426330400,7.4479654200,-0.380225,19027149,0
2019-04-03,7.3359659400,7.3359659400,7.2146331700,7.4106322600,0.000000,14621964,0
2019-04-04,7.3826323900,7.3172993600,7.2799662000,7.4199655500,0.636129,17398628,0
2019-04-08,7.5692981900,7.4759652900,7.3359659400,7.6066313500,2.528443,23974600,0
2019-04-09,7.4572987100,7.5972980600,7.3919656800,7.5972980600,-1.479653,12613322,0
2019-04-10,7.4292988400,7.4012989700,7.2892994900,7.5786314800,-0.375466,11970208,0
2019-04-11,7.1493001400,7.4292988400,7.1493001400,7.4946318700,-3.768847,12459065,0
2019-04-12,7.0466339500,7.1493001400,7.0186340800,7.2519663300,-1.436027,8502871,0
2019-04-15,7.0933004000,7.1213002700,6.9533010500,7.2799662000,0.662248,7036682,0
2019-04-16,7.1119669800,7.0186340800,6.8693014400,7.1213002700,0.263158,9622063,0
2019-04-17,7.1679667200,7.0839671100,7.0653005300,7.2519663300,0.787401,6339766,0
2019-04-18,7.0746338200,7.1679667200,6.9813009200,7.1866333000,-1.302082,5488094,0
2019-04-19,7.0559672400,7.0279673700,6.9439677600,7.0653005300,-0.263852,4855694,0
2019-04-22,6.7199688000,7.0559672400,6.6639690600,7.0559672400,-4.761907,12033776,0
2019-04-23,6.7013022200,6.7199688000,6.6639690600,6.8413015700,-0.277778,6822900,0
2019-04-24,6.7666352500,6.7106355100,6.6079693200,6.7666352500,0.974933,6071852,0
2019-04-25,6.6919689300,6.6733023500,6.6079693200,6.7946351200,-1.103447,12811805,0
2019-04-26,6.5239697100,6.6266359000,6.3746370700,6.7013022200,-2.510465,12133145,0
2019-04-29,6.1879712700,6.5519695800,6.1506381100,6.5613028700,-5.150210,9157550,0
2019-04-30,6.1973045600,6.1786379800,6.1693046900,6.3279706200,0.150826,5684200,0
2019-05-06,5.5813074200,6.0479719200,5.5813074200,6.0479719200,-9.939757,9812456,0
2019-05-07,5.5906407100,5.5906407100,5.4133082000,5.6839736100,0.167220,8521637,0
2019-05-08,5.7773065100,5.4973078100,5.3479751700,5.8986392800,3.338903,11078954,0
2019-05-09,5.6746403200,5.6839736100,5.5813074200,5.7959730900,-1.777062,5822377,0
2019-05-10,5.8519728300,5.6839736100,5.4506413600,5.8613061200,3.125001,6297235,0
2019-05-13,5.7866398000,5.7399733500,5.7119734800,5.8799727000,-1.116430,4205811,0
2019-05-14,5.7679732200,5.6093072900,5.6093072900,5.8333062500,-0.322580,6134479,0
2019-05-15,5.8706394100,5.7773065100,5.7213067700,5.8893059900,1.779938,7092017,0
2019-05-16,5.9919721800,5.8053063800,5.8053063800,6.0106387600,2.066774,6568754,0
2019-05-17,5.8426395400,5.9733056000,5.7866398000,6.0199720500,-2.492209,4979803,0
2019-05-20,5.7959730900,5.8333062500,5.6186405800,5.8519728300,-0.798725,3510896,0
2019-05-21,5.9826388900,5.7866398000,5.7493066400,5.9919721800,3.220609,5470199,0
2019-05-22,6.0293053400,5.9826388900,5.9359724400,6.0666385000,0.780034,4277115,0
2019-05-23,6.2066378500,5.9919721800,5.9453057300,6.5333030000,2.941177,11346203,0
2019-05-24,6.4026369400,6.1879712700,6.1413048200,6.4213035200,3.157895,9426717,0
2019-05-27,6.6359691900,6.4213035200,6.3186373300,6.6546357700,3.644315,8346923,0
2019-05-28,6.6639690600,6.6453024800,6.5986360300,6.9066346000,0.421937,11723553,0
2019-05-29,6.9066346000,6.6453024800,6.6359691900,6.9253011800,3.641460,9114250,0
2019-05-30,6.9533010500,6.8693014400,6.8226349900,7.0186340800,0.675672,9869796,0
2019-05-31,6.8973013100,6.9813009200,6.8226349900,6.9813009200,-0.805368,12024680,0
2019-06-03,6.8039684100,6.8693014400,6.7666352500,6.9253011800,-1.353179,8929250,0
2019-06-04,6.7479686700,6.8693014400,6.5893027400,6.9066346000,-0.823044,14826621,0
2019-06-05,6.8786347300,6.8413015700,6.7479686700,6.9066346000,1.936374,7116129,0
2019-06-06,6.8413015700,6.9066346000,6.8039684100,6.9066346000,-0.542740,7021100,0
2019-06-10,6.8413015700,6.8506348600,6.7106355100,6.8973013100,0.000000,7513748,0
2019-06-11,6.9066346000,6.8133017000,6.7479686700,6.9346344700,0.954982,10523896,0
2019-06-12,6.9159678900,6.9533010500,6.8599681500,7.0186340800,0.135132,7401859,0
2019-06-13,6.9066346000,6.9159678900,6.8226349900,6.9346344700,-0.134949,6901051,0
2019-06-14,6.7946351200,6.9066346000,6.7106355100,6.9253011800,-1.621620,5558115,0
2019-06-17,6.7479686700,6.7479686700,6.7199688000,6.8413015700,-0.686816,4390381,0
2019-06-18,6.6599484600,6.7479654000,6.5328128800,6.7577450600,-1.304350,7301396,0
2019-06-19,6.8946603000,6.7773043800,6.7675247200,7.3249653400,3.524233,9048965,0
2019-06-20,6.8848806400,6.8946603000,6.7675247200,6.9239992800,-0.141847,7698196,0
2019-06-21,7.1587111200,6.8848806400,6.8653213200,7.1978297600,3.977276,14095215,0
2019-06-24,7.1293721400,7.1391518000,7.0804738400,7.2271687400,-0.409839,4272774,0
2019-06-25,7.0511348600,7.1489314600,6.9435586000,7.1684907800,-1.097393,3839704,0
2019-06-26,7.0413552000,7.0609145200,6.9435586000,7.0609145200,-0.138699,2389846,0
2019-06-27,7.1195924800,6.9533382600,6.9533382600,7.1391518000,1.111117,6223048,0
2019-06-28,7.1000331600,7.1587111200,6.9533382600,7.1587111200,-0.274725,3087193,0
2019-07-01,7.2369484000,7.1391518000,7.1391518000,7.2760670400,1.928373,6766302,0
2019-07-02,7.1684907800,7.2369484000,7.1391518000,7.2662873800,-0.945948,8676912,0
2019-07-03,7.1000331600,7.1880501000,7.0217958800,7.2076094200,-0.954975,7282900,0
2019-07-04,7.1000331600,7.0902535000,7.0315755400,7.1684907800,0.000000,4968400,0
2019-07-05,7.0804738400,7.1000331600,7.0022365600,7.1098128200,-0.275488,4021051,0
2019-07-08,6.9924569000,7.0902535000,6.9142196200,7.0902535000,-1.243090,8371701,0
2019-07-09,7.2173890800,7.0413552000,6.9435586000,7.2956263600,3.216783,6551315,0
2019-07-10,7.1000331600,7.2760670400,7.0511348600,7.2760670400,-1.626015,10035450,0
2019-07-11,7.1000331600,7.1293721400,7.0609145200,7.1391518000,0.000000,8076100,0
2019-07-12,7.0706941800,7.0511348600,7.0413552000,7.1098128200,-0.413226,5013213,0
2019-07-15,7.1000331600,7.0511348600,7.0120162200,7.1195924800,0.414941,2951750,0
2019-07-16,7.0902535000,7.0902535000,7.0413552000,7.1293721400,-0.137744,4746402,0
2019-07-17,7.0706941800,7.1195924800,7.0315755400,7.1195924800,-0.275862,5746800,0
2019-07-18,7.1978297600,7.0804738400,7.0315755400,7.2565077200,1.798065,14622652,0
2019-07-19,7.3347450000,7.2271687400,7.2173890800,7.4032026200,1.902172,16613908,0
2019-07-22,7.1098128200,7.3543043200,7.0706941800,7.3543043200,-3.066667,7663100,0
2019-07-23,6.7968637000,7.0902535000,6.4643552600,7.0902535000,-4.401653,18167479,0
2019-07-24,6.7870840400,6.6403891400,6.5034739000,6.8066433600,-0.143881,8310628,0
2019-07-25,6.7186264200,6.7479654000,6.6501688000,6.7479654000,-1.008648,3066625,0
2019-07-26,6.6795077800,6.9826772400,6.6501688000,6.9826772400,-0.582200,2445795,0
2019-07-29,6.5523722000,6.6795077800,6.5132535600,6.7088467600,-1.903369,3683300,0
2019-07-30,6.5523722000,6.5425925400,6.3958976400,6.5621518600,0.000000,2007354,0
2019-07-31,6.4447959400,6.5425925400,6.4056773000,6.5425925400,-1.641800,2668250,0
2019-08-01,6.4350162800,6.4545756000,6.3469993400,6.4545756000,-0.151700,1815600,0
2019-08-02,6.3958976400,6.3665586600,6.2394230800,6.4839145800,-0.607900,2255571,0
2019-08-05,6.2785417200,6.3469993400,6.2687620600,6.4056773000,-1.834900,2070112,0
2019-08-06,6.1122875000,6.1416264800,5.8677960000,6.1611858000,-2.648000,4287080,0
2019-08-07,6.1122875000,6.1122875000,6.0438298800,6.1611858000,0.000000,1999950,0
2019-08-08,6.1709654600,6.1611858000,6.0829485200,6.1709654600,0.960000,1578941,0
2019-08-09,6.2296434200,6.2003044400,6.1611858000,6.3958976400,0.950900,3075036,0
2019-08-12,6.3665586600,6.2589824000,6.2296434200,6.3665586600,2.197800,1198001,0
2019-08-13,6.3567790000,6.2981010400,6.2492027400,6.3665586600,-0.153600,1234395,0
2019-08-14,6.3567790000,6.3763383200,6.2589824000,6.4447959400,0.000000,1294536,0
2019-08-15,6.3665586600,6.2589824000,6.1220671600,6.3763383200,0.153800,3147550,0
2019-08-16,6.3567790000,6.3176603600,6.2883213800,6.4447959400,-0.153600,2285952,0
2019-08-19,6.7381857400,6.4447959400,6.4350162800,6.7773043800,6.000000,8127460,0
2019-08-20,6.6892874400,6.7577450600,6.6697281200,6.8653213200,-0.725700,5399399,0
2019-08-21,6.6990671000,6.7870840400,6.6208298200,6.7870840400,0.146200,3666725,0
2019-08-22,6.6892874400,6.7186264200,6.6208298200,6.7381857400,-0.146000,1660650,0
2019-08-23,6.6403891400,6.7381857400,6.6110501600,6.7381857400,-0.731000,1492950,0
2019-08-26,6.5523722000,6.4936942400,6.4643552600,6.6599484600,-1.325500,2561300,0
2019-08-27,6.6110501600,6.5719315200,6.5719315200,6.6795077800,0.895500,3449301,0
2019-08-28,6.7381857400,6.4741349200,6.4741349200,6.7773043800,1.923100,4749421,0
2019-08-29,7.2271687400,6.7479654000,6.7479654000,7.2760670400,7.256900,13011907,0
2019-08-30,7.0511348600,7.2467280600,6.9924569000,7.3347450000,-2.435700,11441684,0
2019-09-02,7.3151856800,7.0609145200,7.0609145200,7.4129822800,3.744800,7173445,0
2019-09-03,7.5792365000,7.2760670400,7.2565077200,7.5890161600,3.609600,10746684,0
2019-09-04,7.6183551400,7.5009992200,7.4716602400,7.6770331000,0.516100,6940639,0
2019-09-05,7.5205585400,7.6183551400,7.4227619400,7.6770331000,-1.283700,9563245,0
2019-09-06,7.4423212600,7.5009992200,7.3738636400,7.5107788800,-1.040300,3424334,0
2019-09-09,7.4618805800,7.5498975200,7.3738636400,7.6183551400,0.262800,12779832,0
2019-09-10,7.3738636400,7.4521009200,7.3249653400,7.4716602400,-1.179600,9269000,0
2019-09-11,7.1098128200,7.2956263600,6.9924569000,7.3543043200,-3.580900,11379266,0
2019-09-12,7.1000331600,7.1098128200,6.9435586000,7.1195924800,-0.137500,10689098,0
2019-09-16,7.3347450000,7.1000331600,7.0902535000,7.3445246600,3.305800,6179779,0
2019-09-17,7.2565077200,7.3347450000,7.1782704400,7.3347450000,-1.066700,4012692,0
2019-09-18,7.3151856800,7.2467280600,7.2076094200,7.3934229600,0.808600,3414600,0
2019-09-19,7.3151856800,7.3249653400,7.2467280600,7.3543043200,0.000000,4647226,0
2019-09-20,7.1293721400,7.6085754800,7.0706941800,7.6085754800,-2.540100,5781500,0
2019-09-23,7.1195924800,7.1489314600,7.0609145200,7.1782704400,-0.137200,3200508,0
2019-09-24,7.4618805800,7.1880501000,7.1195924800,7.4716602400,4.807700,7731284,0
2019-09-25,7.1391518000,7.4325416000,7.1391518000,7.4325416000,-4.325000,5101683,0
2019-09-26,7.1684907800,7.2076094200,7.1195924800,7.2565077200,0.411000,4706033,0
2019-09-27,7.0902535000,7.1880501000,7.0315755400,7.2076094200,-1.091400,2652743,0
2019-09-30,7.1000331600,7.1978297600,7.0022365600,7.1978297600,0.137900,4393250,0
2019-10-08,7.1587111200,7.1391518000,7.0120162200,7.1684907800,0.826400,3536655,0
2019-10-09,7.1587111200,7.1000331600,7.0413552000,7.1880501000,0.000000,3161873,0
2019-10-10,7.1587111200,7.1587111200,7.0413552000,7.1782704400,0.000000,2006322,0
2019-10-11,7.1684907800,7.4423212600,7.0804738400,7.4423212600,0.136600,2726356,0
2019-10-14,7.2467280600,7.1684907800,7.1391518000,7.2760670400,1.091400,3231980,0
2019-10-15,7.2369484000,7.1978297600,7.1880501000,7.3445246600,-0.134900,3339566,0
2019-10-16,7.2271687400,7.2565077200,7.2173890800,7.5303382000,-0.135100,7503384,0
2019-10-17,7.1391518000,7.2173890800,7.0120162200,7.2271687400,-1.217900,5128558,0
2019-10-18,7.0120162200,7.0902535000,6.9239992800,7.1195924800,-1.780800,3585869,0
2019-10-21,6.7773043800,6.8946603000,6.6403891400,6.9533382600,-3.347300,5672625,0
2019-10-22,6.7479654000,6.7870840400,6.6501688000,6.8066433600,-0.432900,4055953,0
2019-10-23,6.6306094800,6.7479654000,6.5230332200,6.7968637000,-1.739100,6639455,0
2019-10-24,6.4741349200,6.6110501600,6.2981010400,6.6208298200,-2.359900,9397387,0
2019-10-25,6.4839145800,6.4154569600,6.3469993400,6.4936942400,0.151100,5262872,0
2019-10-28,6.7381857400,6.4741349200,6.4545756000,6.7381857400,3.921600,7944357,0
2019-10-29,6.6990671000,6.7773043800,6.6697281200,6.8164230200,-0.580600,3584557,0
2019-10-30,6.5914908400,6.6795077800,6.5034739000,6.7088467600,-1.605800,4871723,0
2019-10-31,6.3372196800,6.5914908400,6.2785417200,6.6110501600,-3.857600,6855550,0
2019-11-01,6.2981010400,6.2883213800,6.2394230800,6.4545756000,-0.617300,7441996,0
2019-11-04,6.0829485200,6.4252366200,6.0438298800,6.4252366200,-3.416200,7944450,0
2019-11-05,6.2981010400,6.1416264800,6.0340502200,6.3078807000,3.537000,7745574,0
2019-11-06,6.1318468200,6.2198637600,6.0438298800,6.2981010400,-2.639800,5570988,0
2019-11-07,6.1905247800,6.1025078400,6.0536095400,6.1905247800,0.956900,4703089,0
2019-11-08,6.1514061400,6.2100841000,6.0731688600,6.2100841000,-0.631900,3414944,0
2019-11-11,5.9460332800,6.1025078400,5.8775756600,6.1122875000,-3.338600,6903455,0
2019-11-12,6.0242705600,5.8677960000,5.3494740200,6.0438298800,1.315800,7255187,0
2019-11-13,5.9362536200,5.9851519200,5.8873553200,5.9851519200,-1.461000,3289550,0
2019-11-14,6.0242705600,5.8873553200,5.8873553200,6.0242705600,1.482700,1895455,0
2019-11-15,5.9166943000,5.9753722600,5.8286773600,6.0242705600,-1.785700,3014950,0
2019-11-18,5.9264739600,5.9166943000,5.8091180400,5.9753722600,0.165300,3337455,0
2019-11-19,5.9264739600,5.9558129400,5.8677960000,5.9558129400,0.000000,2652600,0
2019-11-20,5.8971349800,5.9362536200,5.8775756600,5.9362536200,-0.495000,2414650,0
2019-11-21,5.9362536200,5.8971349800,5.8775756600,5.9558129400,0.663300,1910550,0
2019-11-22,5.9851519200,5.9264739600,5.9166943000,5.9949315800,0.823700,2798808,0
2019-11-25,6.1514061400,5.9851519200,5.8971349800,6.1514061400,2.777800,4924771,0
2019-11-26,6.3763383200,6.1514061400,6.1514061400,6.4447959400,3.656600,13535410,0
2019-11-27,6.3958976400,6.3372196800,6.2785417200,6.4056773000,0.306700,3684345,0
2019-11-28,6.5817111800,6.4545756000,6.3665586600,6.5914908400,2.905200,4647404,0
2019-11-29,6.5621518600,6.5817111800,6.4447959400,6.6208298200,-0.297200,2994452,0
2019-12-02,6.7675247200,6.5817111800,6.5817111800,6.7968637000,3.129700,7087884,0
2019-12-03,6.8653213200,6.7284060800,6.7186264200,6.8653213200,1.445100,4412154,0
2019-12-04,6.8066433600,6.8555416600,6.6403891400,6.9044399600,-0.854700,8312280,0
2019-12-05,6.8848806400,6.8164230200,6.7870840400,7.0217958800,1.149400,9089558,0
2019-12-06,6.8751009800,6.8751009800,6.7968637000,6.8946603000,-0.142000,5066854,0
2019-12-09,6.9631179200,6.8457620000,6.7675247200,6.9728975800,1.280200,10206881,0
2019-12-10,6.9142196200,6.9533382600,6.8066433600,6.9533382600,-0.702200,7773092,0
2019-12-11,6.9728975800,6.8946603000,6.8653213200,7.0217958800,0.848700,8827515,0
2019-12-12,7.2271687400,7.0120162200,7.0022365600,7.2662873800,3.646600,14264256,0
2019-12-13,7.2369484000,7.2173890800,7.1489314600,7.3249653400,0.135300,21869396,0
2019-12-16,7.1978297600,7.2369484000,7.0217958800,7.2662873800,-0.540500,8701830,0
2019-12-17,7.1782704400,7.1782704400,7.0902535000,7.3347450000,-0.271700,18082618,0
2019-12-18,7.0706941800,7.1684907800,6.9142196200,7.1782704400,-1.498600,9978622,0
2019-12-19,7.0315755400,7.0413552000,6.9533382600,7.0804738400,-0.553200,3345338,0
2019-12-20,7.0706941800,7.0315755400,6.9435586000,7.0706941800,0.556300,2971069,0
2019-12-23,6.9631179200,7.0120162200,6.6990671000,7.0706941800,-1.521400,11160203,0
2019-12-24,7.1489314600,6.9239992800,6.8555416600,7.1978297600,2.668500,6510040,0
2019-12-25,7.1489314600,7.1195924800,7.0511348600,7.1978297600,0.000000,4528630,0
2019-12-26,7.1880501000,7.1782704400,7.1000331600,7.1978297600,0.547200,5512100,0
2019-12-27,7.0413552000,7.1489314600,6.9728975800,7.1587111200,-2.040800,4860061,0
2019-12-30,7.0413552000,7.0315755400,6.9337789400,7.0413552000,0.000000,3582789,0
2019-12-31,7.1782704400,6.9728975800,6.8848806400,7.1880501000,1.944400,11411747,0
