date,close,open,low,high,pctChg,volume,isST
2019-01-02,3.5867445000,3.6402780000,3.5867445000,3.6581225000,-0.985221,14170055,0
2019-01-03,3.4796775000,3.5778222500,3.4618330000,3.6224335000,-2.985072,21901641,0
2019-01-04,3.5689000000,3.4261440000,3.3993772500,3.5867445000,2.564100,20659621,0
2019-01-07,3.6848892500,3.5956667500,3.5778222500,3.7027337500,3.250003,21854602,0
2019-01-08,3.6938115000,3.6848892500,3.6670447500,3.7651895000,0.242125,19788681,0
2019-01-09,3.9704012500,3.7295005000,3.6848892500,4.0596237500,7.487921,105726923,0
2019-01-10,3.8544120000,3.9257900000,3.8098007500,3.9793235000,-2.921340,60218012,0
2019-01-11,3.9347122500,3.8722565000,3.8454897500,3.9971680000,2.083326,46674858,0
2019-01-14,3.8544120000,3.9257900000,3.8544120000,4.0060902500,-2.040809,36678131,0
2019-01-15,3.8365675000,3.7741117500,3.7295005000,3.8722565000,-0.462962,40241029,0
2019-01-16,3.8098007500,3.8544120000,3.8008785000,3.8901010000,-0.697679,24014167,0
2019-01-17,3.7384227500,3.8187230000,3.7295005000,3.8276452500,-1.873535,18646582,0
2019-01-18,3.8454897500,3.7473450000,3.7116560000,3.9347122500,2.863959,35553183,0
2019-01-21,3.8722565000,3.8633342500,3.8008785000,3.9436345000,0.696061,30926138,0
2019-01-22,3.9347122500,3.8544120000,3.8187230000,3.9704012500,1.612896,40157599,0
2019-01-23,3.8544120000,3.9168677500,3.8276452500,3.9257900000,-2.040809,23964710,0
2019-01-24,4.0239347500,3.8098007500,3.8098007500,4.1310017500,4.398149,80620332,0
2019-01-25,4.1488462500,4.0060902500,3.9614790000,4.3629802500,3.104210,116667000,0
2019-01-28,4.0953127500,4.2113020000,4.0774682500,4.2559132500,-1.290321,57030694,0
2019-01-29,3.9882457500,4.1220795000,3.8901010000,4.1310017500,-2.614387,54710559,0
2019-01-30,3.8811787500,3.9971680000,3.8633342500,4.0863905000,-2.684561,41344074,0
2019-01-31,3.8901010000,3.9079455000,3.7651895000,3.9257900000,0.229890,36705065,0
2019-02-01,4.0596237500,3.9079455000,3.8901010000,4.0774682500,4.357800,36786392,0
2019-02-11,4.1845352500,4.0507015000,4.0328570000,4.2113020000,3.076920,37192769,0
2019-02-12,4.1934575000,4.1756130000,4.1042350000,4.2113020000,0.213214,43338946,0
2019-02-13,4.3362135000,4.2291465000,4.1934575000,4.4075915000,3.404262,79030730,0
2019-02-14,4.3719025000,4.3183690000,4.2380687500,4.4522027500,0.823044,57200994,0
2019-02-15,4.4343582500,4.3272912500,4.3094467500,4.5414252500,1.428565,71095656,0
2019-02-18,4.8804707500,4.5949587500,4.4878917500,4.8804707500,10.060360,78474038,0
2019-02-19,5.1035270000,5.0946047500,5.0321490000,5.3265832500,4.570384,211810835,0
2019-02-20,4.9161597500,5.0232267500,4.8090927500,5.0678380000,-3.671321,128823318,0
2019-02-21,4.9518487500,4.8715485000,4.8626262500,5.2552052500,0.725952,154245493,0
2019-02-22,5.0678380000,4.9072375000,4.8447817500,5.0767602500,2.342336,107080443,0
2019-02-25,5.2373607500,5.1035270000,5.1035270000,5.3176610000,3.345072,140976516,0
2019-02-26,5.0232267500,5.2195162500,4.9607710000,5.2195162500,-4.088582,119833216,0
2019-02-27,4.9161597500,5.0143045000,4.8537040000,5.0678380000,-2.131437,68988339,0
2019-02-28,4.7823260000,4.8626262500,4.7020257500,4.9250820000,-2.722325,99110142,0
2019-03-01,4.8001705000,4.7912482500,4.7287925000,4.8537040000,0.373134,57812859,0
2019-03-04,4.9429265000,4.8537040000,4.8358595000,5.0232267500,2.973975,101050122,0
2019-03-05,5.4336502500,4.8893930000,4.8447817500,5.4336502500,9.927801,194296357,0
2019-03-06,5.3711945000,5.5317950000,5.2462830000,5.5764062500,-1.149428,203925991,0
2019-03-07,5.4158057500,5.3087387500,5.1927495000,5.5317950000,0.830568,148022954,0
2019-03-08,5.5764062500,5.3176610000,5.1927495000,5.9600630000,2.965401,323290624,0
2019-03-11,5.6745510000,5.7994625000,5.4336502500,5.9154517500,1.760002,201407459,0
2019-03-12,5.7816180000,5.6299397500,5.5496395000,5.7905402500,1.886791,210683087,0
2019-03-13,5.4068835000,5.7102400000,5.3533500000,5.7548512500,-6.481483,149750006,0
2019-03-14,5.0499935000,5.2730497500,4.9072375000,5.3265832500,-6.600662,111079596,0
2019-03-15,5.0678380000,5.0856825000,4.9786155000,5.1392160000,0.353357,63110541,0
2019-03-18,5.2462830000,5.0410712500,5.0053822500,5.2552052500,3.521132,63813390,0
2019-03-19,5.2462830000,5.2552052500,5.2195162500,5.4068835000,0.000000,60116855,0
2019-03-20,5.1749050000,5.2462830000,5.0410712500,5.2908942500,-1.360543,53186105,0
2019-03-21,5.2641275000,5.1749050000,5.1570605000,5.3444277500,1.724136,83483145,0
2019-03-22,5.3176610000,5.2730497500,5.2641275000,5.3801167500,1.016948,82190159,0
2019-03-25,5.3087387500,5.2195162500,5.1302937500,5.4425725000,-0.167789,93303339,0
2019-03-26,5.1302937500,5.2998165000,5.0678380000,5.3979612500,-3.361341,81867892,0
2019-03-27,5.1838272500,5.1659827500,4.9250820000,5.2284385000,1.043477,73359056,0
2019-03-28,5.2105940000,5.1302937500,5.0856825000,5.3979612500,0.516355,97540048,0
2019-03-29,5.2819720000,5.1213715000,5.0232267500,5.2998165000,1.369862,80720999,0
2019-04-01,5.3444277500,5.2016717500,5.1659827500,5.3890390000,1.182427,170815914,0
2019-04-02,5.5139505000,5.3801167500,5.2730497500,5.6031730000,3.171954,181076009,0
2019-04-03,5.4514947500,5.4336502500,5.3622722500,5.4693392500,-1.132681,90096021,0
2019-04-04,5.3444277500,5.4693392500,5.3265832500,5.4961060000,-1.963999,76691838,0
2019-04-08,5.1392160000,5.3533500000,5.0856825000,5.3801167500,-3.839725,83293040,0
2019-04-09,5.1659827500,5.1392160000,5.0767602500,5.2105940000,0.520829,40687683,0
2019-04-10,5.0499935000,5.1302937500,5.0232267500,5.1392160000,-2.245252,62221152,0
2019-04-11,4.9250820000,5.0499935000,4.9250820000,5.0767602500,-2.473496,46361302,0
2019-04-12,4.9786155000,4.9429265000,4.9250820000,5.0143045000,1.086956,31521131,0
2019-04-15,4.9429265000,5.0410712500,4.9340042500,5.1302937500,-0.716845,40596386,0
2019-04-16,5.0499935000,4.9161597500,4.8358595000,5.0678380000,2.166063,54736630,0
2019-04-17,5.0499935000,5.0499935000,5.0232267500,5.1659827500,0.000000,55134160,0
2019-04-18,5.0767602500,5.0232267500,4.9875377500,5.1213715000,0.530039,47738217,0
2019-04-19,5.0410712500,5.0499935000,4.9607710000,5.0946047500,-0.702987,33711966,0
2019-04-22,5.0232267500,5.0410712500,4.9964600000,5.1124492500,-0.353982,41245190,0
2019-04-23,4.8001705000,5.0053822500,4.8001705000,5.0143045000,-4.440497,51625836,0
2019-04-24,4.9429265000,4.8090927500,4.7734037500,5.0143045000,2.973975,41620398,0
2019-04-25,4.6306477500,4.9340042500,4.6217255000,4.9340042500,-6.317688,49021501,0
2019-04-26,4.6395700000,4.6306477500,4.6128032500,4.7644815000,0.192673,32375678,0
2019-04-29,4.3094467500,4.6395700000,4.2648355000,4.6663367500,-7.115383,53144735,0
2019-04-30,4.3451357500,4.2916022500,4.2826800000,4.4165137500,0.828156,26809326,0
2019-05-06,3.9079455000,4.2380687500,3.9079455000,4.2380687500,-10.061600,49060275,0
2019-05-07,3.9436345000,3.9347122500,3.8544120000,3.9971680000,0.913241,34081090,0
2019-05-08,4.0060902500,3.8811787500,3.8187230000,4.1399240000,1.583703,49422710,0
2019-05-09,4.0507015000,3.9971680000,3.9704012500,4.1666907500,1.113590,40793032,0
2019-05-10,4.2826800000,4.0863905000,3.9614790000,4.3094467500,5.726877,57165026,0
2019-05-13,4.1756130000,4.1934575000,4.1399240000,4.2737577500,-2.500007,30710078,0
2019-05-14,4.0596237500,4.0953127500,4.0239347500,4.1666907500,-2.777770,40658079,0
2019-05-15,4.1131572500,4.1042350000,4.0596237500,4.1399240000,1.318680,29743016,0
2019-05-16,4.1310017500,4.1042350000,4.0685460000,4.2023797500,0.433839,31108318,0
2019-05-17,4.5414252500,4.1934575000,4.1310017500,4.5414252500,9.935205,124771952,0
2019-05-20,4.9964600000,4.9964600000,4.9964600000,4.9964600000,10.019640,39186913,0
2019-05-21,5.0499935000,5.0856825000,4.7377147500,5.2373607500,1.071428,306115616,0
2019-05-22,5.1570605000,4.8537040000,4.8537040000,5.2195162500,2.120148,233538732,0
2019-05-23,5.1481382500,5.1302937500,4.8983152500,5.3533500000,-0.173014,249410931,0
2019-05-24,4.6484922500,4.9875377500,4.6306477500,5.0321490000,-9.705372,170212307,0
2019-05-27,4.9964600000,4.5057362500,4.5057362500,5.0946047500,7.485602,202685888,0
2019-05-28,4.8804707500,4.9340042500,4.8090927500,5.0143045000,-2.321431,182334469,0
2019-05-29,5.1213715000,4.8447817500,4.8269372500,5.2552052500,4.936015,260314129,0
2019-05-30,4.9964600000,4.9964600000,4.8269372500,5.0321490000,-2.439022,153100996,0
2019-05-31,5.2113560400,4.9606378800,4.9337752200,5.3098524600,4.301080,226365553,0
2019-06-03,5.1128596200,5.2740355800,5.0143632000,5.2740355800,-1.890037,150073022,0
2019-06-04,4.9069125600,5.0770427400,4.8263245800,5.1844933800,-4.028021,120333230,0
2019-06-05,4.9427294400,4.9785463200,4.9337752200,5.1486765000,0.729926,99116415,0
2019-06-06,4.6830570600,4.8890041200,4.6472401800,4.9158667800,-5.253623,113346841,0
2019-06-10,4.7367823800,4.7099197200,4.6651486200,4.8173703600,1.147226,83314512,0
2019-06-11,4.8979583400,4.7457366000,4.6114233000,4.9158667800,3.402643,125031796,0
2019-06-12,5.0501800800,4.8263245800,4.8084161400,5.1486765000,3.107862,162856081,0
2019-06-13,4.9606378800,5.0143632000,4.9069125600,5.0591343000,-1.773048,97130603,0
2019-06-14,4.7099197200,4.9606378800,4.6830570600,4.9875005400,-5.054147,96652129,0
2019-06-17,4.6382859600,4.6920112800,4.5756064200,4.7278281600,-1.520920,52865622,0
2019-06-18,4.5756064200,4.6293317400,4.5576979800,4.6472401800,-1.351346,35113066,0
2019-06-19,4.6651486200,4.6920112800,4.6382859600,4.8173703600,1.956945,75713385,0
2019-06-20,4.6741028400,4.6382859600,4.5756064200,4.7278281600,0.191934,66339790,0
2019-06-21,4.6741028400,4.7009655000,4.6293317400,4.7815534800,0.000000,70864754,0
2019-06-24,4.7725992600,4.6561944000,4.6114233000,4.8084161400,2.107282,89341072,0
2019-06-25,4.6561944000,4.7278281600,4.6024690800,4.7367823800,-2.439027,55246083,0
2019-06-26,4.7636450400,4.6293317400,4.6024690800,4.8531872400,2.307699,97072666,0
2019-06-27,4.9069125600,4.7725992600,4.7367823800,4.9785463200,3.007516,124525116,0
2019-06-28,4.5576979800,4.8084161400,4.4144304600,4.8263245800,-7.116786,162383915,0
2019-07-01,4.7099197200,4.6561944000,4.5218811000,4.7546908200,3.339884,146440876,0
2019-07-02,4.5666522000,4.6741028400,4.4950184400,4.6830570600,-3.041831,128281766,0
2019-07-03,4.5666522000,4.5666522000,4.5666522000,4.5666522000,0.000000,0,0
2019-07-04,4.5666522000,4.5666522000,4.5666522000,4.5666522000,0.000000,0,0
2019-07-05,4.5666522000,4.5666522000,4.5666522000,4.5666522000,0.000000,0,0
2019-07-08,4.5666522000,4.5666522000,4.5666522000,4.5666522000,0.000000,0,0
2019-07-09,4.5666522000,4.5666522000,4.5666522000,4.5666522000,0.000000,0,0
2019-07-10,4.5666522000,4.5666522000,4.5666522000,4.5666522000,0.000000,0,0
2019-07-11,4.4567352800,4.3767938400,4.3068450800,4.5566620800,-2.407005,51323767,0
2019-07-12,4.3668011600,4.4467426000,4.3568084800,4.5066986800,-2.017941,36128069,0
2019-07-15,4.4667279600,4.3468158000,4.2568816800,4.4867133200,2.288327,35034723,0
2019-07-16,4.4267572400,4.4467426000,4.3967792000,4.4867133200,-0.894854,27016381,0
2019-07-17,4.6865669200,4.4167645600,4.3967792000,4.8664351600,5.869080,138880074,0
2019-07-18,4.8064790800,4.6465962000,4.6066254800,4.8664351600,2.558633,119044214,0
2019-07-19,4.6765742400,4.7265376400,4.6565888800,4.8364571200,-2.702705,64885850,0
2019-07-22,4.6765742400,4.6166181600,4.4067718800,4.7465230000,0.000000,108983661,0
2019-07-23,4.8964132000,4.6465962000,4.6465962000,4.9663619600,4.700861,151604040,0
2019-07-24,5.1961936000,4.9163985600,4.9064058800,5.2661423600,6.122443,259639093,0
2019-07-25,5.1662155600,5.1562228800,5.0962668000,5.3260984400,-0.576918,183985230,0
2019-07-26,5.1762082400,5.1762082400,5.0862741200,5.2461570000,0.193400,99771227,0
2019-07-29,5.4260252400,5.2361643200,5.2361643200,5.4659959600,4.826255,186565297,0
2019-07-30,5.3560764800,5.3760618400,5.3061130800,5.4759886400,-1.289100,105589793,0
2019-07-31,5.3360911200,5.4160325600,5.3061130800,5.6358715200,-0.373100,170348648,0
2019-08-01,5.4959740000,5.2761350400,5.2161789600,5.5359447200,2.996300,147755109,0
2019-08-02,5.3860545200,5.3260984400,5.2161789600,5.4659959600,-2.000000,133979037,0
2019-08-05,5.4060398800,5.3161057600,5.2961204000,5.5459374000,0.371100,106014125,0
2019-08-06,5.2761350400,5.2261716400,5.0263180400,5.3460838000,-2.403000,119126843,0
2019-08-07,5.0862741200,5.3360911200,5.0562960800,5.3660691600,-3.598500,78668716,0
2019-08-08,5.4759886400,5.1062594800,5.0962668000,5.5859081200,7.662100,186016559,0
2019-08-09,5.3660691600,5.5459374000,5.2961204000,5.5759154400,-2.007300,137256520,0
2019-08-12,5.6758422400,5.4360179200,5.3860545200,5.7457910000,5.772800,158000192,0
2019-08-13,5.6658495600,5.5959008000,5.5259520400,5.6958276000,-0.176100,106335296,0
2019-08-14,5.4859813200,5.7857617200,5.4360179200,5.8856885200,-3.174600,171224812,0
2019-08-15,5.6258788400,5.3061130800,5.2561496800,5.6758422400,2.550100,131038474,0
2019-08-16,5.5659227600,5.6158861600,5.4759886400,5.6658495600,-1.065700,107335398,0
2019-08-19,5.7857617200,5.6058934800,5.4659959600,5.8257324400,3.949700,142535938,0
2019-08-20,5.7657763600,5.7457910000,5.6458642000,5.8057470800,-0.345400,104617383,0
2019-08-21,5.6658495600,5.7357983200,5.4959740000,5.7657763600,-1.733100,110263223,0
2019-08-22,5.3860545200,5.6258788400,5.3360911200,5.6358715200,-4.938300,142621953,0
2019-08-23,5.2061862800,5.3460838000,5.1162521600,5.4260252400,-3.339500,124148807,0
2019-08-26,5.2161789600,5.0762814400,5.0463034000,5.3161057600,0.191900,79954835,0
2019-08-27,5.3061130800,5.2661423600,5.2261716400,5.3660691600,1.724100,67958483,0
2019-08-28,5.3260984400,5.2961204000,5.2161789600,5.4160325600,0.376600,71198278,0
2019-08-29,5.4959740000,5.3061130800,5.2461570000,5.5959008000,3.189500,134095287,0
2019-08-30,5.2961204000,5.4959740000,5.2661423600,5.6358715200,-3.636400,108536845,0
2019-09-02,5.4959740000,5.3460838000,5.2461570000,5.5059666800,3.773600,104344113,0
2019-09-03,5.7657763600,5.5059666800,5.4759886400,5.7957544000,4.909100,177570019,0
2019-09-04,5.9856153200,5.7657763600,5.7158129600,6.1754762400,3.812800,210181163,0
2019-09-05,5.9156665600,6.0355787200,5.8856885200,6.1654835600,-1.168600,163888887,0
2019-09-06,5.9956080000,5.9756226400,5.8956812000,6.1155201600,1.351400,118621783,0
2019-09-09,6.3553444800,6.1155201600,6.0455714000,6.3853225200,6.000000,158850471,0
2019-09-10,6.2454250000,6.3553444800,6.1454982000,6.3853225200,-1.729600,121730689,0
2019-09-11,6.1255128400,6.2953884000,6.1155201600,6.3453518000,-1.920000,81215760,0
2019-09-12,6.1055274800,6.1854689200,6.0755494400,6.2054542800,-0.326300,66663937,0
2019-09-16,6.1654835600,6.1355055200,6.0755494400,6.2654103600,0.982000,82555376,0
2019-09-17,5.9056738800,6.1355055200,5.8457178000,6.1454982000,-4.213900,102181583,0
2019-09-18,5.8657031600,5.9356519200,5.7557836800,5.9656299600,-0.676800,72570754,0
2019-09-19,6.0455714000,5.9656299600,5.8257324400,6.0855421200,3.066400,91177841,0
2019-09-20,6.0755494400,6.0155933600,5.9756226400,6.1554908800,0.495900,95298896,0
2019-09-23,6.1954616000,6.0655567600,5.9756226400,6.2454250000,1.973700,123099404,0
2019-09-24,6.3253664400,6.2054542800,6.1255128400,6.4552712800,2.096800,159115749,0
2019-09-25,5.8956812000,6.2454250000,5.8856885200,6.2554176800,-6.793000,144499589,0
2019-09-26,5.5659227600,5.9056738800,5.5359447200,5.9356519200,-5.593200,98383151,0
2019-09-27,5.6358715200,5.5959008000,5.5459374000,5.6758422400,1.256700,55292473,0
2019-09-30,5.4460106000,5.6358715200,5.4460106000,5.6458642000,-3.368800,46791805,0
2019-10-08,5.4959740000,5.4859813200,5.4560032800,5.6258788400,0.917400,41988142,0
2019-10-09,5.5559300800,5.4460106000,5.3460838000,5.5859081200,1.090900,40145370,0
2019-10-10,5.6458642000,5.5459374000,5.5059666800,5.6758422400,1.618700,43907809,0
2019-10-11,5.5359447200,5.6658495600,5.4759886400,5.6658495600,-1.946900,46424454,0
2019-10-14,5.8057470800,5.6058934800,5.5659227600,5.8157397600,4.873600,82734790,0
2019-10-15,5.4360179200,5.7058202800,5.4060398800,5.7058202800,-6.368300,107053643,0
2019-10-16,5.2561496800,5.4560032800,5.2061862800,5.4959740000,-3.308800,73539585,0
2019-10-17,5.1862009200,5.2461570000,5.1362375200,5.2961204000,-1.330800,50409601,0
2019-10-18,5.1462302000,5.2061862800,5.0862741200,5.2661423600,-0.770700,44245672,0
2019-10-21,5.1961936000,5.1262448400,5.0063326800,5.2061862800,0.970900,38129404,0
2019-10-22,5.2661423600,5.1662155600,5.1562228800,5.2861277200,1.346200,34190680,0
2019-10-23,5.1762082400,5.2461570000,5.1662155600,5.3061130800,-1.707800,31241369,0
2019-10-24,5.1262448400,5.1462302000,5.0862741200,5.1961936000,-0.965200,26227040,0
2019-10-25,5.2161789600,5.1262448400,5.0562960800,5.2361643200,1.754400,35107506,0
2019-10-28,5.5259520400,5.3161057600,5.2761350400,5.5859081200,5.938700,121895285,0
2019-10-29,5.2961204000,5.5059666800,5.2961204000,5.5459374000,-4.159100,83701120,0
2019-10-30,5.4560032800,5.3161057600,5.2661423600,5.5859081200,3.018900,92582829,0
2019-10-31,5.4460106000,5.4060398800,5.3760618400,5.5459374000,-0.183200,60977055,0
2019-11-01,5.4959740000,5.4060398800,5.3960472000,5.5459374000,0.917400,44858599,0
2019-11-04,5.4659959600,5.5159593600,5.4360179200,5.5359447200,-0.545500,52655057,0
2019-11-05,5.6358715200,5.4659959600,5.3660691600,5.6858349200,3.107900,116772094,0
2019-11-06,5.5359447200,5.5959008000,5.4859813200,5.7158129600,-1.773000,70368202,0
2019-11-07,5.5159593600,5.5059666800,5.4560032800,5.5759154400,-0.361000,42303184,0
2019-11-08,5.5059666800,5.5559300800,5.4959740000,5.6258788400,-0.181200,55147913,0
2019-11-11,5.2461570000,5.4460106000,5.2361643200,5.4560032800,-4.718700,56876623,0
2019-11-12,5.3161057600,5.2561496800,5.2161789600,5.3360911200,1.333300,38014423,0
2019-11-13,5.4560032800,5.2961204000,5.2561496800,5.5259520400,2.631600,65141611,0
2019-11-14,5.6258788400,5.4560032800,5.4160325600,5.6858349200,3.113600,112082696,0
2019-11-15,5.5159593600,5.6058934800,5.5159593600,5.6858349200,-1.953800,78045594,0
2019-11-18,5.4360179200,5.5759154400,5.3860545200,5.6458642000,-1.449300,76440734,0
2019-11-19,5.5059666800,5.4560032800,5.3760618400,5.5159593600,1.286800,69097436,0
2019-11-20,5.5159593600,5.4959740000,5.3960472000,5.5559300800,0.181500,74294604,0
2019-11-21,5.6258788400,5.4759886400,5.4360179200,5.7757690400,1.992800,146356277,0
2019-11-22,5.6958276000,5.6158861600,5.5159593600,5.8157397600,1.243300,166734304,0
2019-11-25,5.3860545200,5.6558568800,5.3460838000,5.6958276000,-5.438600,115067147,0
2019-11-26,5.3560764800,5.3960472000,5.3560764800,5.5059666800,-0.556600,61534745,0
2019-11-27,5.8956812000,5.3460838000,5.2661423600,5.8956812000,10.074600,337829008,0
2019-11-28,6.0455714000,5.9756226400,5.8956812000,6.1155201600,2.542400,359427776,0
2019-11-29,6.0056006800,6.0555640800,5.9256592400,6.0955348000,-0.661200,203751690,0
2019-12-02,6.0355787200,6.0056006800,5.9556372800,6.1454982000,0.499200,185960718,0
2019-12-03,6.0755494400,5.9756226400,5.8457178000,6.0755494400,0.662300,172316076,0
2019-12-04,6.0655567600,5.9956080000,5.9656299600,6.1654835600,-0.164500,174007415,0
2019-12-05,6.1355055200,6.0755494400,6.0355787200,6.3253664400,1.153200,246543911,0
2019-12-06,6.2354323200,6.1355055200,6.0255860400,6.2554176800,1.628700,190751421,0
2019-12-09,6.4252932400,6.2953884000,6.2953884000,6.6851029200,3.044900,246082594,0
2019-12-10,6.7950224000,6.3553444800,6.2953884000,6.9648979600,5.754300,306093568,0
2019-12-11,6.6251468400,6.6950956000,6.5052346800,6.7550516800,-2.500000,185498181,0
2019-12-12,6.6950956000,6.5951688000,6.5951688000,6.9748906400,1.055800,260056905,0
2019-12-13,6.7450590000,6.7850297200,6.5851761200,6.8150077600,0.746300,171803512,0
2019-12-16,6.9549052800,6.7050882800,6.6851029200,7.0448394000,3.111100,226852030,0
2019-12-17,6.8649711600,6.9349199200,6.7550516800,6.9349199200,-1.293100,181558332,0
2019-12-18,6.7650443600,6.8549784800,6.7150809600,7.0148613600,-1.455600,171081497,0
2019-12-19,6.5751834400,6.7150809600,6.4652639600,6.7150809600,-2.806500,172777670,0
2019-12-20,6.5851761200,6.5851761200,6.4752566400,6.7150809600,0.152000,129470980,0
2019-12-23,6.4153005600,6.4053078800,6.3753298400,6.5751834400,-2.579700,94820665,0
2019-12-24,6.5651907600,6.4652639600,6.3153737600,6.5751834400,2.336400,116225177,0
2019-12-25,6.7650443600,6.5252200400,6.5052346800,6.8250004400,3.044100,183795599,0
2019-12-26,6.7550516800,6.7650443600,6.6551248800,6.7750370400,-0.147700,101328686,0
2019-12-27,6.8250004400,6.7950224000,6.6151541600,6.9549052800,1.035500,198707149,0
2019-12-30,7.3446198000,6.8949492000,6.7650443600,7.5045026800,7.613500,323553808,0
2019-12-31,7.4645319600,7.2347003200,7.2347003200,7.6244148400,1.632700,243933814,0
