date,close,open,low,high,pctChg,volume,isST
2019-01-02,2.7600000000,2.7400000000,2.7200000000,2.7900000000,0.729926,1862802,0
2019-01-03,2.7700000000,2.7500000000,2.7400000000,2.7900000000,0.362318,1576000,0
2019-01-04,2.9000000000,2.7500000000,2.7400000000,2.9100000000,4.693145,3878309,0
2019-01-07,2.9800000000,2.9000000000,2.9000000000,3.0400000000,2.758618,4505102,0
2019-01-08,3.0500000000,3.0400000000,3.0000000000,3.1800000000,2.348991,7445100,0
2019-01-09,3.0600000000,3.0200000000,3.0200000000,3.1200000000,0.327869,5226216,0
2019-01-10,3.0500000000,3.0900000000,3.0300000000,3.1300000000,-0.326797,3026600,0
2019-01-11,3.0900000000,3.0500000000,3.0500000000,3.1200000000,1.311474,3769400,0
2019-01-14,3.1300000000,3.1100000000,3.0900000000,3.2000000000,1.294505,6902802,0
2019-01-15,3.1500000000,3.1200000000,3.1000000000,3.1700000000,0.638977,3022489,0
2019-01-16,3.3300000000,3.1800000000,3.1800000000,3.4700000000,5.714280,16031095,0
2019-01-17,3.1800000000,3.3100000000,3.1800000000,3.3300000000,-4.504500,7816389,0
2019-01-18,3.2000000000,3.1900000000,3.1900000000,3.2800000000,0.628930,4464389,0
2019-01-21,3.2300000000,3.1900000000,3.1800000000,3.2700000000,0.937499,2954389,0
2019-01-22,3.1400000000,3.2100000000,3.1300000000,3.2200000000,-2.786375,5283689,0
2019-01-23,3.2000000000,3.1500000000,3.1500000000,3.2500000000,1.910826,4960908,0
2019-01-24,3.1800000000,3.2600000000,3.1600000000,3.2800000000,-0.624999,2677600,0
2019-01-25,3.1200000000,3.1600000000,3.1200000000,3.2100000000,-1.886798,3134151,0
2019-01-28,3.1200000000,3.1500000000,3.1100000000,3.1900000000,0.000000,2239135,0
2019-01-29,3.0900000000,3.1600000000,3.0400000000,3.1600000000,-0.961538,2607987,0
2019-01-30,3.0900000000,3.1000000000,3.0600000000,3.1200000000,0.000000,2066602,0
2019-01-31,3.0300000000,3.0900000000,3.0100000000,3.1100000000,-1.941746,4045902,0
2019-02-01,3.1200000000,3.0300000000,3.0300000000,3.1300000000,2.970294,1981805,0
2019-02-11,3.1800000000,3.1300000000,3.1200000000,3.1900000000,1.923083,2844400,0
2019-02-12,3.2400000000,3.2000000000,3.1800000000,3.2500000000,1.886791,3585006,0
2019-02-13,3.2300000000,3.2300000000,3.2000000000,3.2600000000,-0.308642,4244500,0
2019-02-14,3.2200000000,3.2500000000,3.1900000000,3.2700000000,-0.309597,3635400,0
2019-02-15,3.1700000000,3.2200000000,3.1500000000,3.2200000000,-1.552794,4015800,0
2019-02-18,3.2300000000,3.1900000000,3.1700000000,3.2400000000,1.892743,5852050,0
2019-02-19,3.3300000000,3.2200000000,3.2200000000,3.4900000000,3.095972,12626439,0
2019-02-20,3.3200000000,3.3000000000,3.2700000000,3.3700000000,-0.300300,7090700,0
2019-02-21,3.3100000000,3.3100000000,3.2900000000,3.3600000000,-0.301204,5404500,0
2019-02-22,3.3300000000,3.3100000000,3.2600000000,3.3400000000,0.604229,5188010,0
2019-02-25,3.5100000000,3.3500000000,3.2900000000,3.5500000000,5.405407,14734757,0
2019-02-26,3.5200000000,3.5000000000,3.4300000000,3.6400000000,0.284900,13844616,0
2019-02-27,3.5100000000,3.5100000000,3.4700000000,3.5700000000,-0.284091,8077210,0
2019-02-28,3.5100000000,3.4900000000,3.4600000000,3.5900000000,0.000000,6237810,0
2019-03-01,3.4600000000,3.5100000000,3.4300000000,3.5400000000,-1.424500,6421225,0
2019-03-04,3.5200000000,3.4800000000,3.4800000000,3.6300000000,1.734102,10675404,0
2019-03-05,3.7400000000,3.5500000000,3.5100000000,3.8700000000,6.250001,17998769,0
2019-03-06,3.7700000000,3.7100000000,3.6500000000,3.8000000000,0.802138,13613512,0
2019-03-07,3.9500000000,3.7500000000,3.7300000000,4.0900000000,4.774538,20686748,0
2019-03-08,3.6500000000,3.8700000000,3.6100000000,3.8800000000,-7.594935,17601831,0
2019-03-11,3.7400000000,3.6600000000,3.6600000000,3.7400000000,2.465751,10743165,0
2019-03-12,3.7600000000,3.7400000000,3.7300000000,3.8200000000,0.534759,10058604,0
2019-03-13,3.6800000000,3.7600000000,3.6600000000,3.7800000000,-2.127657,9849905,0
2019-03-14,3.5200000000,3.6700000000,3.4900000000,3.6900000000,-4.347828,8806400,0
2019-03-15,3.6100000000,3.5700000000,3.5200000000,3.6300000000,2.556816,7847108,0
2019-03-18,3.6700000000,3.5400000000,3.5000000000,3.6700000000,1.662055,9535684,0
2019-03-19,3.6200000000,3.6000000000,3.5900000000,3.7300000000,-1.362403,8332212,0
2019-03-20,3.5800000000,3.6600000000,3.5500000000,3.6600000000,-1.104971,6656506,0
2019-03-21,3.6400000000,3.6200000000,3.6000000000,3.6700000000,1.675983,7652571,0
2019-03-22,3.6600000000,3.6500000000,3.5900000000,3.6800000000,0.549450,6999803,0
2019-03-25,3.6600000000,3.6000000000,3.5700000000,3.7500000000,0.000000,9603300,0
2019-03-26,3.5700000000,3.6400000000,3.5700000000,3.7200000000,-2.459021,7853759,0
2019-03-27,3.4700000000,3.5800000000,3.4200000000,3.6100000000,-2.801118,7371579,0
2019-03-28,3.4200000000,3.4700000000,3.4100000000,3.4900000000,-1.440921,5609411,0
2019-03-29,3.4700000000,3.4300000000,3.3700000000,3.4900000000,1.461987,6876005,0
2019-04-01,3.6400000000,3.5000000000,3.4900000000,3.6500000000,4.899137,10183913,0
2019-04-02,3.6600000000,3.6100000000,3.6100000000,3.7100000000,0.549450,10825305,0
2019-04-03,3.7000000000,3.6500000000,3.6000000000,3.7000000000,1.092895,8534400,0
2019-04-04,3.7100000000,3.7500000000,3.6600000000,3.7800000000,0.270270,9263266,0
2019-04-08,3.7900000000,3.7200000000,3.6800000000,3.8400000000,2.156332,17708055,0
2019-04-09,3.7600000000,3.7500000000,3.7100000000,3.7800000000,-0.791556,9321259,0
2019-04-10,3.7100000000,3.7400000000,3.6500000000,3.7600000000,-1.329786,8795200,0
2019-04-11,3.6500000000,3.7000000000,3.6100000000,3.7400000000,-1.617249,7518900,0
2019-04-12,3.6000000000,3.6600000000,3.5900000000,3.6600000000,-1.369868,5579500,0
2019-04-15,3.6600000000,3.6700000000,3.6400000000,3.7700000000,1.666672,10135302,0
2019-04-16,3.8000000000,3.6200000000,3.5900000000,3.8400000000,3.825133,16288983,0
2019-04-17,3.8500000000,3.8000000000,3.7600000000,3.8500000000,1.315788,12744124,0
2019-04-18,3.8200000000,3.8200000000,3.8000000000,3.9400000000,-0.779220,12657301,0
2019-04-19,3.9500000000,3.8200000000,3.8000000000,4.0100000000,3.403144,20379002,0
2019-04-22,3.8400000000,3.9600000000,3.8300000000,3.9800000000,-2.784813,13488302,0
2019-04-23,3.7800000000,3.8300000000,3.7300000000,3.8700000000,-1.562499,8204412,0
2019-04-24,3.7700000000,3.8200000000,3.7100000000,3.8200000000,-0.264550,5669812,0
2019-04-25,3.6800000000,3.7500000000,3.6600000000,3.7600000000,-2.387266,7561403,0
2019-04-26,3.5400000000,3.6300000000,3.5400000000,3.6500000000,-3.804351,8029104,0
2019-04-29,3.4100000000,3.5400000000,3.3800000000,3.5700000000,-3.672313,8022702,0
2019-04-30,3.4300000000,3.3400000000,3.3400000000,3.4700000000,0.586510,5677384,0
2019-05-06,3.1100000000,3.4000000000,3.1000000000,3.4000000000,-9.329451,10305420,0
2019-05-07,3.1500000000,3.1500000000,3.1100000000,3.1900000000,1.286180,6682331,0
2019-05-08,3.1300000000,3.1000000000,3.0600000000,3.1800000000,-0.634920,4210912,0
2019-05-09,3.1100000000,3.0900000000,3.0900000000,3.1600000000,-0.638985,2943306,0
2019-05-10,3.2400000000,3.1400000000,3.0900000000,3.2600000000,4.180068,6971806,0
2019-05-13,3.2200000000,3.2200000000,3.1800000000,3.2600000000,-0.617283,5625924,0
2019-05-14,3.2300000000,3.1800000000,3.1600000000,3.2400000000,0.310559,4847600,0
2019-05-15,3.3000000000,3.2300000000,3.2300000000,3.3300000000,2.167181,5247204,0
2019-05-16,3.3500000000,3.3100000000,3.2900000000,3.4200000000,1.515150,5201904,0
2019-05-17,3.2000000000,3.3600000000,3.1800000000,3.4000000000,-4.477608,5949100,0
2019-05-20,3.2100000000,3.2000000000,3.1300000000,3.2200000000,0.312500,3562516,0
2019-05-21,3.2500000000,3.2100000000,3.1700000000,3.2600000000,1.246105,6810600,0
2019-05-22,3.2200000000,3.2600000000,3.1800000000,3.2800000000,-0.923076,5394802,0
2019-05-23,3.1800000000,3.2000000000,3.1600000000,3.2200000000,-1.242235,4962177,0
2019-05-24,3.2200000000,3.1400000000,3.1300000000,3.3400000000,1.257860,5109302,0
2019-05-27,3.2900000000,3.1900000000,3.1900000000,3.3000000000,2.173911,5053300,0
2019-05-28,3.2400000000,3.2800000000,3.2300000000,3.3100000000,-1.519755,3711951,0
2019-05-29,3.2600000000,3.2500000000,3.2400000000,3.2800000000,0.617283,3245547,0
2019-05-30,3.2700000000,3.2500000000,3.2100000000,3.2800000000,0.306748,4596800,0
2019-05-31,3.2600000000,3.2600000000,3.2500000000,3.3100000000,-0.305810,4258422,0
2019-06-03,3.3100000000,3.3100000000,3.2500000000,3.3300000000,1.533741,7680700,0
2019-06-04,3.2900000000,3.2900000000,3.2800000000,3.4100000000,-0.604229,6892478,0
2019-06-05,3.3300000000,3.3000000000,3.2800000000,3.3300000000,1.215804,3640286,0
2019-06-06,3.2400000000,3.3000000000,3.2400000000,3.3000000000,-2.702700,3510900,0
2019-06-10,3.2200000000,3.2300000000,3.2100000000,3.2600000000,-0.617283,3160699,0
2019-06-11,3.3400000000,3.2400000000,3.2100000000,3.3600000000,3.726704,5939602,0
2019-06-12,3.4100000000,3.3600000000,3.3400000000,3.4400000000,2.095814,6798830,0
2019-06-13,3.3600000000,3.3900000000,3.3600000000,3.4000000000,-1.466281,4215447,0
2019-06-14,3.3400000000,3.3800000000,3.3200000000,3.4000000000,-0.595238,3584800,0
2019-06-17,3.3400000000,3.3300000000,3.2900000000,3.3500000000,0.000000,3041147,0
2019-06-18,3.3200000000,3.3100000000,3.3000000000,3.3500000000,-0.598802,2222847,0
2019-06-19,3.4000000000,3.5000000000,3.3500000000,3.5000000000,2.409643,6611049,0
2019-06-20,3.4100000000,3.3900000000,3.3600000000,3.4300000000,0.294117,4300746,0
2019-06-21,3.4300000000,3.4200000000,3.4100000000,3.4600000000,0.586510,5490618,0
2019-06-24,3.5700000000,3.4300000000,3.3900000000,3.7700000000,4.081629,17820417,0
2019-06-25,3.4400000000,3.4900000000,3.3800000000,3.5900000000,-3.641453,13441051,0
2019-06-26,3.3700000000,3.4400000000,3.3500000000,3.4400000000,-2.034889,6704049,0
2019-06-27,3.3700000000,3.3700000000,3.3600000000,3.4100000000,0.000000,4972765,0
2019-06-28,3.3100000000,3.3700000000,3.2500000000,3.3700000000,-1.780414,6586002,0
2019-07-01,3.3900000000,3.3500000000,3.3200000000,3.4100000000,2.416924,7099492,0
2019-07-02,3.4400000000,3.3900000000,3.3600000000,3.4600000000,1.474925,8174213,0
2019-07-03,3.3500000000,3.4400000000,3.3500000000,3.4400000000,-2.616283,4517304,0
2019-07-04,3.3500000000,3.3500000000,3.3300000000,3.3900000000,0.000000,2508504,0
2019-07-05,3.3700000000,3.3500000000,3.3300000000,3.3700000000,0.597014,1924601,0
2019-07-08,3.2700000000,3.3400000000,3.2200000000,3.3700000000,-2.967356,3957668,0
2019-07-09,3.2500000000,3.2500000000,3.2300000000,3.2900000000,-0.611620,2246904,0
2019-07-10,3.2200000000,3.2600000000,3.2000000000,3.2700000000,-0.923076,2475664,0
2019-07-11,3.2600000000,3.2500000000,3.2300000000,3.2900000000,1.242235,3034297,0
2019-07-12,3.3300000000,3.2700000000,3.2600000000,3.3500000000,2.147237,5129100,0
2019-07-15,3.4000000000,3.4000000000,3.3400000000,3.4500000000,2.102107,10256113,0
2019-07-16,3.4400000000,3.4100000000,3.3900000000,3.4500000000,1.176469,8906905,0
2019-07-17,3.4200000000,3.4300000000,3.4000000000,3.4700000000,-0.581395,6449258,0
2019-07-18,3.3700000000,3.4000000000,3.3500000000,3.4100000000,-1.461994,4312250,0
2019-07-19,3.4100000000,3.3600000000,3.3600000000,3.4400000000,1.186950,4630114,0
2019-07-22,3.3300000000,3.4100000000,3.3300000000,3.4300000000,-2.346046,5017600,0
2019-07-23,3.3300000000,3.3300000000,3.2900000000,3.3700000000,0.000000,2839900,0
2019-07-24,3.3800000000,3.3200000000,3.3200000000,3.3900000000,1.501507,4582900,0
2019-07-25,3.3900000000,3.3800000000,3.3600000000,3.4700000000,0.295858,6339700,0
2019-07-26,3.3500000000,3.3500000000,3.3400000000,3.3900000000,-1.179900,3836100,0
2019-07-29,3.4000000000,3.3800000000,3.3400000000,3.4000000000,1.492543,5169267,0
2019-07-30,3.4800000000,3.4000000000,3.3800000000,3.5300000000,2.352900,13871030,0
2019-07-31,3.3900000000,3.4300000000,3.3800000000,3.4500000000,-2.586200,7768017,0
2019-08-01,3.4300000000,3.3500000000,3.3300000000,3.4400000000,1.179900,5362382,0
2019-08-02,3.4600000000,3.3700000000,3.3500000000,3.5200000000,0.874600,9647606,0
2019-08-05,3.4500000000,3.4500000000,3.4300000000,3.5300000000,-0.289000,11535808,0
2019-08-06,3.5600000000,3.3800000000,3.3500000000,3.6400000000,3.188400,17247915,0
2019-08-07,3.6500000000,3.5600000000,3.5300000000,3.7000000000,2.528100,19582916,0
2019-08-08,3.5800000000,3.6400000000,3.5600000000,3.6600000000,-1.917800,10523900,0
2019-08-09,3.5100000000,3.6200000000,3.5000000000,3.6700000000,-1.955300,10356700,0
2019-08-12,3.5900000000,3.4900000000,3.4700000000,3.5900000000,2.279200,8376204,0
2019-08-13,3.5800000000,3.5600000000,3.5200000000,3.5800000000,-0.278600,6113500,0
2019-08-14,3.5100000000,3.6000000000,3.4900000000,3.6300000000,-1.955300,8853401,0
2019-08-15,3.5300000000,3.4100000000,3.4000000000,3.5400000000,0.569800,6579104,0
2019-08-16,3.6000000000,3.5300000000,3.4900000000,3.6100000000,1.983000,9582420,0
2019-08-19,3.6800000000,3.6500000000,3.5900000000,3.7400000000,2.222200,14249308,0
2019-08-20,3.7600000000,3.7000000000,3.6600000000,3.7800000000,2.173900,15194915,0
2019-08-21,3.6700000000,3.7700000000,3.6600000000,3.7800000000,-2.393600,12390900,0
2019-08-22,3.7100000000,3.6800000000,3.6200000000,3.7500000000,1.089900,20115900,0
2019-08-23,3.8200000000,3.7200000000,3.7000000000,3.8900000000,2.965000,23427477,0
2019-08-26,4.0000000000,3.7600000000,3.7200000000,4.1800000000,4.712000,34034635,0
2019-08-27,4.0700000000,4.0100000000,3.9000000000,4.0700000000,1.750000,25159910,0
2019-08-28,3.9700000000,4.0500000000,3.9500000000,4.0700000000,-2.457000,16112498,0
2019-08-29,4.0500000000,3.9700000000,3.9700000000,4.1300000000,2.015100,19161802,0
2019-08-30,3.9900000000,4.1000000000,3.9000000000,4.1500000000,-1.481500,19861117,0
2019-09-02,4.0000000000,3.9800000000,3.9400000000,4.0200000000,0.250600,15052186,0
2019-09-03,3.9900000000,3.9900000000,3.9500000000,4.0200000000,-0.250000,11244900,0
2019-09-04,4.2800000000,3.9700000000,3.9700000000,4.3300000000,7.268200,27304916,0
2019-09-05,4.2600000000,4.2800000000,4.2200000000,4.3100000000,-0.467300,17608933,0
2019-09-06,4.2200000000,4.2700000000,4.1900000000,4.2800000000,-0.939000,10071102,0
2019-09-09,4.4000000000,4.2500000000,4.2300000000,4.4300000000,4.265400,17513856,0
2019-09-10,4.3700000000,4.3900000000,4.3500000000,4.5100000000,-0.681800,12537002,0
2019-09-11,4.3800000000,4.3700000000,4.3600000000,4.4800000000,0.228800,10515600,0
2019-09-12,4.4500000000,4.3800000000,4.3500000000,4.4500000000,1.598200,10798011,0
2019-09-16,4.3700000000,4.4500000000,4.3200000000,4.5200000000,-1.797800,15039708,0
2019-09-17,4.2600000000,4.4000000000,4.2000000000,4.4000000000,-2.517200,13724999,0
2019-09-18,4.1300000000,4.2000000000,4.0500000000,4.2700000000,-3.051600,16938505,0
2019-09-19,4.3100000000,4.1600000000,4.1400000000,4.3700000000,4.358300,16301122,0
2019-09-20,4.2000000000,4.2900000000,4.1900000000,4.3400000000,-2.552200,8224114,0
2019-09-23,4.1900000000,4.2200000000,4.1400000000,4.2500000000,-0.238100,7306488,0
2019-09-24,4.1400000000,4.2200000000,4.1100000000,4.2300000000,-1.193300,6915402,0
2019-09-25,4.0900000000,4.1600000000,4.0700000000,4.1700000000,-1.207700,5609618,0
2019-09-26,3.9400000000,4.1000000000,3.9000000000,4.1200000000,-3.667500,9267106,0
2019-09-27,4.0200000000,3.9700000000,3.9300000000,4.0800000000,2.030500,6152604,0
2019-09-30,3.9100000000,4.0100000000,3.9000000000,4.0500000000,-2.736300,5600235,0
2019-10-08,3.9500000000,3.9200000000,3.9200000000,4.0100000000,1.023000,5781200,0
2019-10-09,4.0900000000,3.9300000000,3.8900000000,4.1600000000,3.544300,10297101,0
2019-10-10,4.1300000000,4.0800000000,4.0600000000,4.1600000000,0.978000,7884304,0
2019-10-11,4.1200000000,4.1700000000,4.0800000000,4.1800000000,-0.242100,4566164,0
2019-10-14,4.1700000000,4.1500000000,4.1200000000,4.2300000000,1.213600,7766202,0
2019-10-15,4.1300000000,4.0500000000,4.0200000000,4.1700000000,-0.959200,5757020,0
2019-10-16,4.0200000000,4.1000000000,3.9900000000,4.1500000000,-2.663400,8294804,0
2019-10-17,4.0500000000,4.1300000000,4.0100000000,4.1400000000,0.746300,7873002,0
2019-10-18,3.9800000000,4.0100000000,3.9400000000,4.0700000000,-1.728400,6148696,0
2019-10-21,4.0500000000,3.9500000000,3.9100000000,4.0500000000,1.758800,7230790,0
2019-10-22,3.9900000000,4.0100000000,3.9200000000,4.0400000000,-1.481500,6418621,0
2019-10-23,3.9900000000,3.9900000000,3.9600000000,4.0200000000,0.000000,3759100,0
2019-10-24,3.9700000000,3.9700000000,3.9100000000,4.0000000000,-0.501300,5515108,0
2019-10-25,3.9900000000,3.9600000000,3.9100000000,4.0100000000,0.503800,4682966,0
2019-10-28,4.1600000000,4.0100000000,3.9900000000,4.1800000000,4.260600,9850612,0
2019-10-29,4.0600000000,4.1300000000,4.0500000000,4.1700000000,-2.403800,7994000,0
2019-10-30,3.9800000000,4.1000000000,3.9500000000,4.1000000000,-1.970400,7516421,0
2019-10-31,3.7400000000,3.9100000000,3.6900000000,3.9200000000,-6.030200,18406685,0
2019-11-01,3.7500000000,3.8000000000,3.7300000000,3.9000000000,0.267400,9429783,0
2019-11-04,3.6900000000,3.7500000000,3.6700000000,3.7500000000,-1.600000,9269345,0
2019-11-05,3.6400000000,3.7100000000,3.6100000000,3.7200000000,-1.355000,6492174,0
2019-11-06,3.6300000000,3.6600000000,3.5800000000,3.6800000000,-0.274700,6873622,0
2019-11-07,3.6100000000,3.6300000000,3.5700000000,3.6400000000,-0.551000,5812524,0
2019-11-08,3.5600000000,3.6300000000,3.5500000000,3.6300000000,-1.385000,6568190,0
2019-11-11,3.4600000000,3.5400000000,3.4100000000,3.5500000000,-2.809000,8008518,0
2019-11-12,3.4700000000,3.4900000000,3.4200000000,3.4900000000,0.289000,5099612,0
2019-11-13,3.5100000000,3.4900000000,3.4400000000,3.5300000000,1.152700,6286744,0
2019-11-14,3.4800000000,3.5100000000,3.4500000000,3.5300000000,-0.854700,3937230,0
2019-11-15,3.4300000000,3.4800000000,3.4300000000,3.4900000000,-1.436800,3834490,0
2019-11-18,3.4900000000,3.4000000000,3.4000000000,3.5100000000,1.749300,5496657,0
2019-11-19,3.6200000000,3.5200000000,3.5000000000,3.6200000000,3.724900,6183077,0
2019-11-20,3.6100000000,3.6300000000,3.5600000000,3.6300000000,-0.276200,5607983,0
2019-11-21,3.6500000000,3.6200000000,3.5900000000,3.6700000000,1.108000,6290921,0
2019-11-22,3.6500000000,3.6300000000,3.6300000000,3.7500000000,0.000000,7214057,0
2019-11-25,3.7100000000,3.6300000000,3.6200000000,3.7500000000,1.643800,7753121,0
2019-11-26,3.7000000000,3.6900000000,3.6600000000,3.7400000000,-0.269500,4503413,0
2019-11-27,3.6500000000,3.6900000000,3.6200000000,3.7100000000,-1.351400,6767904,0
2019-11-28,3.6300000000,3.6900000000,3.6100000000,3.7000000000,-0.547900,5027925,0
2019-11-29,3.6600000000,3.6100000000,3.5400000000,3.6800000000,0.826400,5266490,0
2019-12-02,3.5600000000,3.6300000000,3.5400000000,3.6600000000,-2.732200,4568490,0
2019-12-03,3.6100000000,3.5600000000,3.5100000000,3.6100000000,1.404500,5692370,0
2019-12-04,3.6600000000,3.5700000000,3.5700000000,3.6800000000,1.385000,4800368,0
2019-12-05,3.6900000000,3.6500000000,3.6500000000,3.7200000000,0.819700,5329147,0
2019-12-06,3.7100000000,3.6900000000,3.6700000000,3.7400000000,0.542000,4169400,0
2019-12-09,3.6500000000,3.6800000000,3.6500000000,3.7100000000,-1.617200,5356900,0
2019-12-10,3.6300000000,3.6600000000,3.6200000000,3.7000000000,-0.547900,5799900,0
2019-12-11,3.6000000000,3.6200000000,3.5800000000,3.6500000000,-0.826500,4384700,0
2019-12-12,3.5600000000,3.5900000000,3.5500000000,3.6300000000,-1.111100,4582032,0
2019-12-13,3.5800000000,3.5900000000,3.5500000000,3.6000000000,0.561800,4225000,0
2019-12-16,3.6200000000,3.5900000000,3.5600000000,3.6300000000,1.117300,6829651,0
2019-12-17,3.6400000000,3.6300000000,3.6000000000,3.6700000000,0.552500,13212570,0
2019-12-18,3.6100000000,3.6300000000,3.6100000000,3.6600000000,-0.824200,10182604,0
2019-12-19,3.6700000000,3.6100000000,3.6000000000,3.7100000000,1.662100,12122213,0
2019-12-20,3.6200000000,3.6700000000,3.6100000000,3.6900000000,-1.362400,8756398,0
2019-12-23,3.4600000000,3.6000000000,3.4500000000,3.6000000000,-4.419900,11144408,0
2019-12-24,3.5600000000,3.4900000000,3.4500000000,3.5600000000,2.890200,8280421,0
2019-12-25,3.5500000000,3.5500000000,3.5300000000,3.6200000000,-0.280900,6752400,0
2019-12-26,3.5600000000,3.5700000000,3.5400000000,3.5900000000,0.281700,5240300,0
2019-12-27,3.6000000000,3.5800000000,3.5600000000,3.6600000000,1.123600,10493852,0
2019-12-30,3.6200000000,3.6000000000,3.5800000000,3.6300000000,0.555600,8849800,0
2019-12-31,3.5900000000,3.6300000000,3.5700000000,3.6400000000,-0.828700,8940955,0
