date,close,open,low,high,pctChg,volume,isST
2019-01-02,8.0483639000,7.7941021000,7.6767505000,8.1363776000,5.512812,59702366,0
2019-01-03,7.9896881000,8.0385846000,7.9114537000,8.3319636000,-0.729034,56811183,0
2019-01-04,8.0972604000,7.9310123000,7.7843228000,8.1657155000,1.346385,43430825,0
2019-01-07,8.2732878000,8.1461569000,8.0972604000,8.4395359000,2.173917,57855475,0
2019-01-08,8.1265983000,8.2243913000,8.0679225000,8.4199773000,-1.773045,36894601,0
2019-01-09,8.0777018000,8.1168190000,8.0679225000,8.2635085000,-0.601687,32195503,0
2019-01-10,8.0483639000,8.0385846000,7.9799088000,8.1363776000,-0.363204,21162893,0
2019-01-11,8.3124050000,8.0483639000,8.0483639000,8.3124050000,3.280686,35680458,0
2019-01-14,8.1852741000,8.2635085000,8.0777018000,8.3026257000,-1.529413,20871377,0
2019-01-15,8.2341706000,8.1363776000,8.0777018000,8.2732878000,0.597374,18276507,0
2019-01-16,8.1559362000,8.2732878000,8.1168190000,8.3026257000,-0.950118,13981908,0
2019-01-17,8.0679225000,8.2537292000,7.9799088000,8.3026257000,-1.079139,20793269,0
2019-01-18,8.0679225000,8.1070397000,7.9212330000,8.1168190000,0.000000,16137769,0
2019-01-21,8.1168190000,8.0874811000,8.0190260000,8.2635085000,0.606063,18094453,0
2019-01-22,7.8821158000,8.1754948000,7.8527779000,8.1852741000,-2.891563,20019383,0
2019-01-23,7.9310123000,7.8723365000,7.8429986000,7.9896881000,0.620338,9567919,0
2019-01-24,7.9994674000,7.9505709000,7.8234400000,8.0972604000,0.863140,17608055,0
2019-01-25,7.8821158000,8.0385846000,7.8527779000,8.0385846000,-1.466991,16522938,0
2019-01-28,7.8625572000,7.9114537000,7.8625572000,7.9701295000,-0.248145,11154033,0
2019-01-29,7.7941021000,7.8723365000,7.6865298000,7.9016744000,-0.870649,13387519,0
2019-01-30,7.8234400000,7.7843228000,7.7158677000,7.8821158000,0.376414,11786377,0
2019-01-31,7.4713852000,7.7941021000,7.4224887000,7.8234400000,-4.500002,28390090,0
2019-02-01,7.8429986000,7.5789575000,7.5593989000,7.8625572000,4.973830,19150538,0
2019-02-11,8.1168190000,8.0190260000,7.9603502000,8.1363776000,3.491268,23478822,0
2019-02-12,8.1461569000,8.0972604000,8.0679225000,8.2243913000,0.361443,18400430,0
2019-02-13,8.2830671000,8.1559362000,8.1461569000,8.3613015000,1.680676,30518761,0
2019-02-14,8.2341706000,8.2928464000,8.1168190000,8.3124050000,-0.590321,22447225,0
2019-02-15,8.2537292000,8.2243913000,8.1852741000,8.4199773000,0.237524,25948626,0
2019-02-18,8.5862254000,8.3710808000,8.3515222000,8.6057840000,4.028438,34629291,0
2019-02-19,8.8600458000,8.6937977000,8.4297566000,8.8796044000,3.189074,52437188,0
2019-02-20,8.6351219000,8.7426942000,8.5275496000,8.7524735000,-2.538637,40885240,0
2019-02-21,8.5568875000,8.5666668000,8.5079910000,8.8600458000,-0.906001,51433756,0
2019-02-22,8.8404872000,8.5666668000,8.5177703000,8.8502665000,3.314285,43763466,0
2019-02-25,9.5641554000,9.0067353000,8.9187216000,9.6423898000,8.185838,75441339,0
2019-02-26,9.2903350000,9.6326105000,9.2903350000,9.6326105000,-2.862983,56764438,0
2019-02-27,9.4565831000,9.3587901000,9.3098936000,9.7793000000,1.789474,71836964,0
2019-02-28,9.5641554000,9.4761417000,9.3979073000,9.7304035000,1.137535,38270414,0
2019-03-01,9.5543761000,9.5641554000,9.3294522000,9.6521691000,-0.102242,31610651,0
2019-03-04,9.6032726000,9.6912863000,9.5152589000,9.8281965000,0.511763,63405774,0
2019-03-05,9.9259895000,9.6130519000,9.5348175000,9.9259895000,3.360488,63688506,0
2019-03-06,9.8673137000,9.9259895000,9.6912863000,10.0433411000,-0.591128,58690900,0
2019-03-07,9.8575344000,9.7597414000,9.6228312000,9.8770930000,-0.099110,54872899,0
2019-03-08,9.6815070000,9.6619484000,9.4272452000,10.2291478000,-1.785717,74339572,0
2019-03-11,10.0237825000,9.7304035000,9.7304035000,10.0237825000,3.535357,50152662,0
2019-03-12,10.2291478000,10.1606927000,9.9455481000,10.3953959000,2.048781,75168693,0
2019-03-13,9.9162102000,10.2291478000,9.7695207000,10.3269408000,-3.059270,60980494,0
2019-03-14,9.5739347000,9.7695207000,9.4272452000,9.8575344000,-3.451680,45535727,0
2019-03-15,9.5543761000,9.6326105000,9.3392315000,9.6717277000,-0.204285,34766529,0
2019-03-18,9.6815070000,9.5837140000,9.4565831000,9.6912863000,1.330595,26771136,0
2019-03-19,9.7206242000,9.6912863000,9.5934933000,9.8966516000,0.404040,28667268,0
2019-03-20,9.5739347000,9.7304035000,9.3881280000,9.7401828000,-1.509051,28754232,0
2019-03-21,9.7304035000,9.5641554000,9.5641554000,9.7597414000,1.634319,30784982,0
2019-03-22,9.7401828000,9.7206242000,9.5348175000,9.7695207000,0.100505,25358084,0
2019-03-25,9.9553274000,9.5543761000,9.5152589000,10.1900306000,2.208838,67376414,0
2019-03-26,9.3685694000,9.9553274000,9.3098936000,10.0335618000,-5.893913,49279634,0
2019-03-27,9.1729834000,9.4076866000,8.9676181000,9.4957003000,-2.087681,31302585,0
2019-03-28,9.2805557000,9.2805557000,9.2121006000,9.7304035000,1.172704,36756690,0
2019-03-29,9.5641554000,9.3490108000,9.2903350000,9.6130519000,3.055848,31186665,0
2019-04-01,9.9455481000,9.7206242000,9.7010656000,10.0237825000,3.987734,48420052,0
2019-04-02,10.3073822000,10.1998099000,10.0628997000,10.6105405000,3.638150,97277762,0
2019-04-03,10.3269408000,10.1998099000,10.1509134000,10.4247338000,0.189758,47362183,0
2019-04-04,10.3464994000,10.3562787000,10.1998099000,10.5323061000,0.189389,52835663,0
2019-04-08,10.0922376000,10.4247338000,10.0237825000,10.5518647000,-2.457469,49964237,0
2019-04-09,10.1704720000,10.1411341000,9.9944446000,10.3660580000,0.775193,36732201,0
2019-04-10,9.9748860000,10.1509134000,9.9162102000,10.1509134000,-1.923075,32323584,0
2019-04-11,9.8281965000,10.0042239000,9.7793000000,10.1215755000,-1.470585,30035342,0
2019-04-12,9.7695207000,9.7988586000,9.6521691000,9.8477551000,-0.597019,20497828,0
2019-04-15,9.7793000000,10.0628997000,9.7695207000,10.1020169000,0.100102,30131349,0
2019-04-16,10.0726790000,9.8086379000,9.5837140000,10.0726790000,3.000002,42195456,0
2019-04-17,10.0140032000,10.0922376000,9.9455481000,10.1802513000,-0.582528,33044643,0
2019-04-18,9.9553274000,10.0140032000,9.9064309000,10.0922376000,-0.585932,24973915,0
2019-04-19,10.0042239000,10.0335618000,9.7695207000,10.0335618000,0.491152,29143452,0
2019-04-22,10.0237825000,10.0726790000,9.9846653000,10.1802513000,0.195508,32954550,0
2019-04-23,9.6423898000,10.0042239000,9.6326105000,10.0042239000,-3.804882,38578636,0
2019-04-24,9.7988586000,9.6912863000,9.5445968000,9.8086379000,1.622726,24235509,0
2019-04-25,9.3587901000,9.5739347000,9.3392315000,9.6717277000,-4.491025,32449722,0
2019-04-26,9.2023213000,9.3001143000,9.2023213000,9.3881280000,-1.671890,21242036,0
2019-04-29,9.0067353000,9.3294522000,8.9871767000,9.3783487000,-2.125396,24683314,0
2019-04-30,9.0751904000,9.0165146000,8.9480595000,9.1925420000,0.760040,17952462,0
2019-05-06,8.2146120000,8.8111493000,8.1754948000,8.8307079000,-9.482760,34681496,0
2019-05-07,8.3319636000,8.2928464000,8.2048327000,8.4101980000,1.428581,17473402,0
2019-05-08,8.2928464000,8.2048327000,8.0874811000,8.4297566000,-0.469494,16744513,0
2019-05-09,8.3124050000,8.1657155000,8.1559362000,8.4590945000,0.235854,20046320,0
2019-05-10,8.7329149000,8.4101980000,8.1265983000,8.7915907000,5.058827,29828161,0
2019-05-13,8.7524735000,8.6057840000,8.5373289000,8.8796044000,0.223959,18256899,0
2019-05-14,8.5373289000,8.6057840000,8.5079910000,8.8013700000,-2.458104,27444500,0
2019-05-15,8.6449012000,8.6253426000,8.5666668000,8.7035770000,1.260030,16839673,0
2019-05-16,8.8307079000,8.6937977000,8.6253426000,8.9676181000,2.149317,26595596,0
2019-05-17,8.5177703000,8.8013700000,8.4982117000,8.9382802000,-3.543740,22879621,0
2019-05-20,8.9773974000,8.4786531000,8.4786531000,9.0947490000,5.396100,41296586,0
2019-05-21,9.4370245000,8.9969560000,8.8502665000,9.4468038000,5.119818,52419186,0
2019-05-22,9.2903350000,9.3587901000,9.1729834000,9.4370245000,-1.554400,36814755,0
2019-05-23,9.2805557000,9.7010656000,9.2121006000,9.8477551000,-0.105266,62687738,0
2019-05-24,9.1143076000,9.1240869000,8.9773974000,9.5152589000,-1.791360,39558413,0
2019-05-27,9.6619484000,9.1729834000,9.0849697000,9.7304035000,6.008588,49856014,0
2019-05-28,9.6423898000,9.5934933000,9.5152589000,9.6717277000,-0.202434,37726769,0
2019-05-29,9.5543761000,9.5837140000,9.4957003000,9.6717277000,-0.912771,24623521,0
2019-05-30,9.6521691000,9.4663624000,9.3098936000,9.7793000000,1.023535,41182689,0
2019-05-31,9.5135828700,9.6026799000,9.4739841900,9.6917769300,-1.435901,24132026,0
2019-06-03,9.4739841900,9.4937835300,9.3551881500,9.7511749500,-0.416233,28133795,0
2019-06-04,9.4739841900,9.4739841900,9.3749874900,9.6917769300,0.000000,27195423,0
2019-06-05,9.3155894700,9.5828805600,9.1967934300,9.6026799000,-1.671890,24430754,0
2019-06-06,9.1571947500,9.3551881500,9.1472950800,9.4244858400,-1.700317,21348659,0
2019-06-10,9.2363921100,9.2165927700,9.0680977200,9.3452884800,0.864864,17884245,0
2019-06-11,9.4244858400,9.2066931000,8.9691010200,9.4640845200,2.036447,31185597,0
2019-06-12,9.3551881500,9.3551881500,9.2759907900,9.4838838600,-0.735301,21467891,0
2019-06-13,9.1868937600,9.2858904600,9.1571947500,9.3848871600,-1.798943,17417101,0
2019-06-14,8.9295023400,9.1769940900,8.8899036600,9.2957901300,-2.801716,23022700,0
2019-06-17,8.8305056400,8.8206059700,8.8008066300,8.9988000300,-1.108652,12652563,0
2019-06-18,8.7810072900,8.7810072900,8.7315089400,8.9196026700,-0.560540,11317034,0
2019-06-19,8.8800039900,8.9691010200,8.8701043200,9.0779973900,1.127400,18702178,0
2019-06-20,9.0581980500,8.8602046500,8.7909069600,9.1076964000,2.006682,20051954,0
2019-06-21,9.1868937600,9.1472950800,9.0977967300,9.2264924400,1.420766,19953965,0
2019-06-24,9.1175960700,9.2066931000,9.0680977200,9.2165927700,-0.754307,11982797,0
2019-06-25,9.2561914500,9.1373954100,9.0581980500,9.2858904600,1.520091,26452779,0
2019-06-26,9.3254891400,9.2264924400,9.1472950800,9.3650878200,0.748660,25098576,0
2019-06-27,9.5234825400,9.3650878200,9.3254891400,9.6620779200,2.123140,31003090,0
2019-06-28,9.4442851800,9.5828805600,9.3551881500,9.5828805600,-0.831600,17036494,0
2019-07-01,9.6125795700,9.6125795700,9.5333822100,9.7214759400,1.781971,24897314,0
2019-07-02,9.4838838600,9.7214759400,9.4541848500,9.7412752800,-1.338827,24236454,0
2019-07-03,9.5036832000,9.5135828700,9.3650878200,9.5927802300,0.208773,18098175,0
2019-07-04,9.5135828700,9.5036832000,9.4442851800,9.6620779200,0.104159,19177478,0
2019-07-05,9.4937835300,9.5135828700,9.4046865000,9.5630812200,-0.208111,11208530,0
2019-07-08,9.1373954100,9.4937835300,9.0482983800,9.5135828700,-3.753917,15986465,0
2019-07-09,9.1670944200,9.1076964000,9.0185993700,9.2165927700,0.325035,7896557,0
2019-07-10,9.0878970600,9.1967934300,9.0383987100,9.2660911200,-0.863930,10474394,0
2019-07-11,9.0086997000,9.1076964000,8.9493016800,9.1670944200,-0.871459,11578866,0
2019-07-12,9.0878970600,8.9691010200,8.9691010200,9.1472950800,0.879120,8180180,0
2019-07-15,9.2561914500,9.1076964000,8.9790006900,9.3056898000,1.851853,13700361,0
2019-07-16,9.3353888100,9.2561914500,9.2462917800,9.3848871600,0.855614,10664129,0
2019-07-17,9.2858904600,9.3056898000,9.2660911200,9.3947868300,-0.530225,8592452,0
2019-07-18,9.1175960700,9.2561914500,9.1175960700,9.2561914500,-1.812368,9117784,0
2019-07-19,9.1175960700,9.1670944200,9.0977967300,9.2363921100,0.000000,7795815,0
2019-07-22,8.9295023400,9.2066931000,8.9196026700,9.2561914500,-2.062970,14294612,0
2019-07-23,9.0185993700,8.9394020100,8.9394020100,9.0284990400,0.997774,7201545,0
2019-07-24,9.2264924400,9.0680977200,9.0383987100,9.2561914500,2.305160,14994726,0
2019-07-25,9.3056898000,9.2462917800,9.1769940900,9.3353888100,0.858368,16607970,0
2019-07-26,9.3155894700,9.2858904600,9.1967934300,9.3254891400,0.106400,10854204,0
2019-07-29,9.3452884800,9.3056898000,9.2759907900,9.3947868300,0.318807,10193656,0
2019-07-30,9.3155894700,9.3848871600,9.3155894700,9.4739841900,-0.317800,14690364,0
2019-07-31,9.4739841900,9.3254891400,9.3056898000,9.5630812200,1.700300,23440047,0
2019-08-01,9.3947868300,9.4541848500,9.2858904600,9.5234825400,-0.835900,18919293,0
2019-08-02,9.0581980500,9.2066931000,8.9592013500,9.2066931000,-3.582700,23486991,0
2019-08-05,8.9493016800,9.0482983800,8.9493016800,9.1670944200,-1.202200,16023551,0
2019-08-06,8.6424119100,8.7414086100,8.4345188400,8.8800039900,-3.429200,23421718,0
2019-08-07,8.6127129000,8.7315089400,8.5731142200,8.7414086100,-0.343600,10315296,0
2019-08-08,8.6325122400,8.6127129000,8.6028132300,8.7612079500,0.229900,8549002,0
2019-08-09,8.5434152100,8.6622112500,8.4444185100,8.7315089400,-1.032100,13133967,0
2019-08-12,8.6820105900,8.5038165300,8.4741175200,8.6919102600,1.622300,8757922,0
2019-08-13,8.7216092700,8.5929135600,8.5830138900,8.7909069600,0.456100,9468026,0
2019-08-14,8.8107063000,8.8404053100,8.7810072900,8.9592013500,1.021600,12300872,0
2019-08-15,9.0779973900,8.7117096000,8.6622112500,9.1076964000,3.033700,24247660,0
2019-08-16,9.1670944200,9.1274957400,9.0482983800,9.2660911200,0.981500,21103558,0
2019-08-19,9.7115762700,9.3254891400,9.3254891400,9.7214759400,5.939500,48545348,0
2019-08-20,9.7313756100,9.6620779200,9.6620779200,9.8501716500,0.203900,32273689,0
2019-08-21,9.7907736300,9.7214759400,9.6719775900,9.9491683500,0.610400,28927393,0
2019-08-22,9.9293690100,9.8699709900,9.8006733000,10.0481650500,1.415600,30528511,0
2019-08-23,9.9095696700,9.9788673600,9.8501716500,10.0679643900,-0.199400,23786898,0
2019-08-26,9.8798706600,9.7016766000,9.6818772600,9.9491683500,-0.299700,24021414,0
2019-08-27,9.9788673600,9.9590680200,9.8105729700,10.1570614200,1.002000,36207440,0
2019-08-28,9.8699709900,9.9095696700,9.7511749500,10.0283657100,-1.091300,23979026,0
2019-08-29,9.8699709900,9.9293690100,9.8402719800,10.0085663700,0.000000,20006602,0
2019-08-30,9.8204726400,9.9590680200,9.8006733000,10.0382653800,-0.501500,27026699,0
2019-09-02,10.2263591100,9.8204726400,9.8105729700,10.2461584500,4.133100,42345319,0
2019-09-03,10.1471617500,10.2362587800,10.0184660400,10.2362587800,-0.774400,31011626,0
2019-09-04,10.1966601000,10.0976634000,10.0382653800,10.3253558100,0.487800,28014889,0
2019-09-05,10.2560581200,10.2461584500,10.1867604300,10.4936502000,0.582500,44268517,0
2019-09-06,10.4540515200,10.3550548200,10.2659577900,10.4639511900,1.930500,36989043,0
2019-09-09,10.5629478900,10.6223459100,10.3451551500,10.6322455800,1.041700,36286169,0
2019-09-10,10.4441518500,10.5629478900,10.3550548200,10.8500383200,-1.124600,44284339,0
2019-09-11,10.3352554800,10.4936502000,10.2758574600,10.5332488800,-1.042700,21697675,0
2019-09-12,10.5431485500,10.4243525100,10.3154561400,10.6520449200,2.011500,30679823,0
2019-09-16,10.4342521800,10.6421452500,10.3550548200,10.6421452500,-1.032900,25532475,0
2019-09-17,9.9194693400,10.3352554800,9.7808739600,10.3451551500,-4.933600,60595867,0
2019-09-18,9.8204726400,9.9293690100,9.8006733000,9.9788673600,-0.998000,20071318,0
2019-09-19,10.0877637300,9.8303723100,9.8303723100,10.1273624100,2.721800,28508883,0
2019-09-20,10.0778640600,10.1471617500,9.9887670300,10.2461584500,-0.098100,21593079,0
2019-09-23,10.1372620800,10.0283657100,9.9095696700,10.1570614200,0.589400,20094718,0
2019-09-24,10.1966601000,10.1669610900,10.1075630700,10.3451551500,0.585900,28678572,0
2019-09-25,9.9788673600,10.1174627400,9.9788673600,10.1966601000,-2.135900,21722211,0
2019-09-26,9.9887670300,9.9788673600,9.7808739600,10.1768607600,0.099200,28741451,0
2019-09-27,9.8303723100,9.9392686800,9.7808739600,10.1669610900,-1.585700,24515493,0
2019-09-30,9.7016766000,9.8501716500,9.6125795700,9.9095696700,-1.309200,18986242,0
2019-10-08,9.7412752800,9.6521782500,9.6224792400,9.7808739600,0.408200,15235930,0
2019-10-09,9.5531815500,9.6917769300,9.4244858400,9.7115762700,-1.930900,18377298,0
2019-10-10,9.7709742900,9.5531815500,9.5234825400,9.8105729700,2.279800,15248397,0
2019-10-11,9.7412752800,9.7709742900,9.6620779200,9.8402719800,-0.303900,13660536,0
2019-10-14,9.7808739600,9.7808739600,9.7016766000,9.8798706600,0.406500,21874084,0
2019-10-15,9.7115762700,9.7808739600,9.6125795700,9.8006733000,-0.708500,15236679,0
2019-10-16,9.5531815500,9.7214759400,9.4937835300,9.8204726400,-1.631000,16123745,0
2019-10-17,9.4739841900,9.5432818800,9.4145861700,9.6323789100,-0.829000,12125222,0
2019-10-18,9.5333822100,9.5036832000,9.4739841900,9.7511749500,0.627000,18512695,0
2019-10-21,9.3056898000,9.4937835300,9.1769940900,9.5333822100,-2.388400,17064230,0
2019-10-22,9.3749874900,9.3254891400,9.2561914500,9.4244858400,0.744700,8724661,0
2019-10-23,9.2363921100,9.3353888100,9.1868937600,9.3551881500,-1.478400,10651756,0
2019-10-24,9.1967934300,9.1868937600,9.0977967300,9.2363921100,-0.428700,8728205,0
2019-10-25,9.2759907900,9.1967934300,9.0878970600,9.2957901300,0.861100,9975265,0
2019-10-28,9.5531815500,9.3056898000,9.3056898000,9.5828805600,2.988300,18536935,0
2019-10-29,9.4343855100,9.5828805600,9.4145861700,9.5828805600,-1.243500,12319304,0
2019-10-30,9.4442851800,9.4145861700,9.2858904600,9.4937835300,0.104900,12413982,0
2019-10-31,9.5234825400,9.3551881500,9.2858904600,9.6026799000,0.838600,16424382,0
2019-11-01,9.3650878200,9.4937835300,9.3155894700,9.5432818800,-1.663200,21836229,0
2019-11-04,9.4541848500,9.5036832000,9.4046865000,9.6323789100,0.951400,20741685,0
2019-11-05,9.6125795700,9.5036832000,9.3947868300,9.6422785800,1.675400,19077060,0
2019-11-06,9.6224792400,9.5729808900,9.5432818800,9.7808739600,0.103000,23100193,0
2019-11-07,9.7412752800,9.6125795700,9.5234825400,9.7808739600,1.234600,17595161,0
2019-11-08,9.7610746200,9.8105729700,9.7016766000,9.8600713200,0.203200,20821579,0
2019-11-11,9.6917769300,9.7016766000,9.6026799000,9.7709742900,-0.709900,21264488,0
2019-11-12,9.8402719800,9.6719775900,9.5828805600,9.8402719800,1.532200,20480684,0
2019-11-13,9.7610746200,9.8006733000,9.6620779200,9.8105729700,-0.804800,12380578,0
2019-11-14,9.8501716500,9.7610746200,9.7313756100,9.9392686800,0.912800,17128369,0
2019-11-15,9.8402719800,9.8501716500,9.6719775900,9.9392686800,-0.100500,18113288,0
2019-11-18,9.8105729700,9.7412752800,9.6917769300,9.8798706600,-0.301800,13374056,0
2019-11-19,9.8996700000,9.7907736300,9.7511749500,9.9194693400,0.908200,17534471,0
2019-11-20,9.6719775900,9.9293690100,9.6125795700,9.9392686800,-2.300000,22616214,0
2019-11-21,9.6917769300,9.6620779200,9.5927802300,9.7511749500,0.204700,13127285,0
2019-11-22,9.8303723100,9.6620779200,9.6620779200,9.8897703300,1.430000,23846193,0
2019-11-25,9.8996700000,9.8303723100,9.7511749500,9.9788673600,0.704900,19532200,0
2019-11-26,9.8798706600,9.9491683500,9.7610746200,9.9491683500,-0.200000,13887678,0
2019-11-27,9.7511749500,9.8798706600,9.7214759400,9.8996700000,-1.302600,14780438,0
2019-11-28,9.7709742900,9.6818772600,9.6719775900,9.8402719800,0.203000,10544879,0
2019-11-29,10.1669610900,9.7808739600,9.7808739600,10.3352554800,4.052700,46827293,0
2019-12-02,10.2263591100,10.1570614200,10.1273624100,10.3352554800,0.584200,24996074,0
2019-12-03,10.2956568000,10.2263591100,10.1471617500,10.3253558100,0.677600,23130849,0
2019-12-04,10.3451551500,10.2857571300,10.2065597700,10.4243525100,0.480800,27632500,0
2019-12-05,10.3946535000,10.3748541600,10.3055564700,10.4837505300,0.478500,34351484,0
2019-12-06,10.4045531700,10.3946535000,10.2065597700,10.4243525100,0.095200,27353265,0
2019-12-09,10.2956568000,10.3748541600,10.2560581200,10.4144528400,-1.046600,20562008,0
2019-12-10,10.2956568000,10.2758574600,10.0877637300,10.3352554800,0.000000,29487772,0
2019-12-11,10.1669610900,10.3550548200,10.1372620800,10.3946535000,-1.250000,25988512,0
2019-12-12,10.2956568000,10.1867604300,10.1174627400,10.4045531700,1.265800,28123654,0
2019-12-13,10.3748541600,10.3946535000,10.2065597700,10.4342521800,0.769200,39774082,0
2019-12-16,10.5728475600,10.3748541600,10.3154561400,10.6322455800,1.908400,44690200,0
2019-12-17,10.7411419500,10.6124462400,10.5926469000,10.8896370000,1.591800,58408841,0
2019-12-18,10.7906403000,10.7114429400,10.6619445900,10.9292356800,0.460800,37273441,0
2019-12-19,11.0381320500,11.2361254500,10.8698376600,11.3747208300,2.293600,61739606,0
2019-12-20,10.6619445900,11.0876304000,10.6322455800,11.2262257800,-3.408100,42368151,0
2019-12-23,10.3154561400,10.6421452500,10.3055564700,10.8203393100,-3.249800,41507580,0
2019-12-24,10.3748541600,10.3946535000,10.2560581200,10.4441518500,0.575800,19676852,0
2019-12-25,10.5233492100,10.3550548200,10.3055564700,10.5728475600,1.431300,26315069,0
2019-12-26,10.4738508600,10.5134495400,10.3451551500,10.5629478900,-0.470400,20953787,0
2019-12-27,10.4837505300,10.5332488800,10.4243525100,10.7015432700,0.094500,36951073,0
2019-12-30,10.7906403000,10.5332488800,10.4639511900,10.8401386500,2.927300,40494740,0
2019-12-31,10.7213426100,10.8104396400,10.5926469000,10.8104396400,-0.642200,26918287,0
