date,close,open,low,high,pctChg,volume,isST
2019-01-02,5.0100000000,5.0300000000,4.9800000000,5.0500000000,0.200005,5300858,0
2019-01-03,5.1100000000,5.0200000000,4.9800000000,5.2100000000,1.996006,11064877,0
2019-01-04,5.3400000000,5.0200000000,5.0200000000,5.3500000000,4.500979,14587427,0
2019-01-07,5.8700000000,5.3700000000,5.3400000000,5.8700000000,9.925088,29068314,0
2019-01-08,5.8700000000,6.0200000000,5.8300000000,6.3500000000,0.000000,54863464,0
2019-01-09,5.6600000000,5.7500000000,5.6600000000,5.8600000000,-3.577514,33227010,0
2019-01-10,5.7200000000,5.7000000000,5.6000000000,5.7700000000,1.060070,19350634,0
2019-01-11,6.0000000000,5.7200000000,5.6300000000,6.1300000000,4.895109,44090951,0
2019-01-14,5.9700000000,5.9500000000,5.8800000000,6.2500000000,-0.500004,28350405,0
2019-01-15,6.0000000000,6.0900000000,5.8900000000,6.0900000000,0.502516,19135631,0
2019-01-16,5.9100000000,5.9500000000,5.8300000000,6.0100000000,-1.500003,17268177,0
2019-01-17,5.9600000000,5.9100000000,5.8500000000,6.1700000000,0.846027,30893045,0
2019-01-18,6.1600000000,5.9100000000,5.8600000000,6.1900000000,3.355702,31839091,0
2019-01-21,6.1300000000,6.1900000000,6.0700000000,6.2400000000,-0.487009,23636595,0
2019-01-22,5.9200000000,6.1000000000,5.9000000000,6.1200000000,-3.425776,17037203,0
2019-01-23,5.9500000000,5.9200000000,5.8300000000,6.0100000000,0.506752,13239557,0
2019-01-24,5.9100000000,5.9400000000,5.8300000000,5.9700000000,-0.672268,11858546,0
2019-01-25,5.7300000000,5.9000000000,5.7000000000,5.9100000000,-3.045682,14412273,0
2019-01-28,5.7100000000,5.7900000000,5.6700000000,5.8400000000,-0.349040,14300442,0
2019-01-29,5.4400000000,5.7300000000,5.2900000000,5.7500000000,-4.728546,16275218,0
2019-01-30,5.3400000000,5.4100000000,5.3200000000,5.5200000000,-1.838233,10573972,0
2019-01-31,5.1600000000,5.3800000000,5.1100000000,5.4100000000,-3.370792,13208295,0
2019-02-01,5.4200000000,5.2100000000,5.2000000000,5.4400000000,5.038764,12295360,0
2019-02-11,5.6200000000,5.4600000000,5.4300000000,5.6300000000,3.690033,12953097,0
2019-02-12,5.6400000000,5.6200000000,5.5700000000,5.6700000000,0.355872,14471160,0
2019-02-13,5.7700000000,5.6400000000,5.5900000000,5.8700000000,2.304966,21036252,0
2019-02-14,5.8500000000,5.7500000000,5.6900000000,5.9700000000,1.386480,20057514,0
2019-02-15,5.8300000000,5.8000000000,5.7800000000,5.9000000000,-0.341880,16219101,0
2019-02-18,6.0400000000,5.8800000000,5.8400000000,6.0600000000,3.602059,26611773,0
2019-02-19,6.0700000000,6.0300000000,5.9600000000,6.1700000000,0.496692,24845595,0
2019-02-20,6.4000000000,6.1000000000,6.0300000000,6.5600000000,5.436572,43685293,0
2019-02-21,6.3300000000,6.4000000000,6.2900000000,6.5500000000,-1.093753,48166778,0
2019-02-22,6.4900000000,6.3100000000,6.1600000000,6.4900000000,2.527644,36226312,0
2019-02-25,7.1400000000,6.6300000000,6.5100000000,7.1400000000,10.015410,45622552,0
2019-02-26,7.4800000000,7.4800000000,7.4000000000,7.8500000000,4.761907,95340060,0
2019-02-27,7.9300000000,7.3500000000,7.2700000000,8.1900000000,6.016040,74049073,0
2019-02-28,7.5300000000,7.7000000000,7.4100000000,7.8400000000,-5.044131,44705464,0
2019-03-01,7.5100000000,7.5400000000,7.2600000000,7.6300000000,-0.265604,40579164,0
2019-03-04,7.6400000000,7.6000000000,7.4200000000,7.8600000000,1.731020,58635743,0
2019-03-05,7.8400000000,7.5500000000,7.4900000000,7.8500000000,2.617805,41114700,0
2019-03-06,8.0800000000,7.9900000000,7.8400000000,8.4000000000,3.061222,62433922,0
2019-03-07,8.4600000000,7.9500000000,7.8100000000,8.8900000000,4.702972,67965807,0
2019-03-08,7.7700000000,8.0600000000,7.7600000000,8.3800000000,-8.156029,57091773,0
2019-03-11,8.1000000000,7.6800000000,7.6200000000,8.1800000000,4.247109,40761699,0
2019-03-12,8.0600000000,8.0900000000,7.8800000000,8.2600000000,-0.493827,44326185,0
2019-03-13,7.7300000000,8.0500000000,7.6600000000,8.1600000000,-4.094297,36960412,0
2019-03-14,7.4900000000,7.6200000000,7.3400000000,7.9900000000,-3.104790,32155511,0
2019-03-15,7.6200000000,7.5500000000,7.5000000000,7.6500000000,1.735649,21952837,0
2019-03-18,7.8300000000,7.6500000000,7.6500000000,7.8700000000,2.755906,28371053,0
2019-03-19,7.8400000000,7.8600000000,7.6900000000,7.9100000000,0.127717,22509153,0
2019-03-20,7.9500000000,7.7900000000,7.7200000000,7.9800000000,1.403057,29174837,0
2019-03-21,7.9200000000,7.9800000000,7.8600000000,8.0400000000,-0.377355,31843399,0
2019-03-22,7.7100000000,7.8900000000,7.5300000000,7.8900000000,-2.651515,26512442,0
2019-03-25,7.5100000000,7.5100000000,7.4500000000,7.6800000000,-2.594031,19770990,0
2019-03-26,7.2500000000,7.5400000000,7.1900000000,7.6600000000,-3.462054,20055633,0
2019-03-27,7.2100000000,7.3100000000,7.0100000000,7.3400000000,-0.551724,16756602,0
2019-03-28,7.0900000000,7.1800000000,7.0500000000,7.2300000000,-1.664353,11519329,0
2019-03-29,7.4200000000,7.0900000000,7.0000000000,7.4200000000,4.654442,21992523,0
2019-04-01,7.8600000000,7.5000000000,7.4900000000,8.0400000000,5.929920,37625392,0
2019-04-02,8.0400000000,7.8700000000,7.7500000000,8.1400000000,2.290074,42442305,0
2019-04-03,7.9400000000,7.9000000000,7.8500000000,7.9900000000,-1.243780,23512474,0
2019-04-04,7.9200000000,7.9800000000,7.9200000000,8.1500000000,-0.251889,28521072,0
2019-04-08,8.2300000000,8.0200000000,7.8800000000,8.2800000000,3.914135,46496769,0
2019-04-09,8.0500000000,8.1300000000,7.9200000000,8.1700000000,-2.187113,27451589,0
2019-04-10,7.8600000000,7.9600000000,7.8100000000,8.0000000000,-2.360249,20428429,0
2019-04-11,7.5200000000,7.8700000000,7.5000000000,7.9600000000,-4.325702,24387370,0
2019-04-12,7.3300000000,7.2800000000,7.2300000000,7.4300000000,-2.526597,24634230,0
2019-04-15,7.2100000000,7.4400000000,7.2000000000,7.5500000000,-1.637106,17859053,0
2019-04-16,7.6800000000,7.1500000000,7.1200000000,7.7200000000,6.518721,31896822,0
2019-04-17,7.7700000000,7.6800000000,7.6000000000,7.9200000000,1.171877,29335980,0
2019-04-18,7.8400000000,7.7400000000,7.7400000000,8.1300000000,0.900903,33696713,0
2019-04-19,7.9500000000,7.9000000000,7.6500000000,8.0300000000,1.403057,28041775,0
2019-04-22,7.5500000000,7.9300000000,7.4600000000,7.9700000000,-5.031442,25259834,0
2019-04-23,8.3100000000,7.6100000000,7.5500000000,8.3100000000,10.066230,34987780,0
2019-04-24,8.2000000000,8.5000000000,8.0000000000,8.6600000000,-1.323714,72416998,0
2019-04-25,8.1100000000,8.2000000000,8.0600000000,8.7900000000,-1.097563,74676156,0
2019-04-26,7.3100000000,8.0600000000,7.3000000000,8.0800000000,-9.864362,49609911,0
2019-04-29,6.6600000000,7.2000000000,6.5900000000,7.2100000000,-8.891931,37997072,0
2019-04-30,6.7000000000,6.6600000000,6.5800000000,6.8400000000,0.600600,16373843,0
2019-05-06,6.0600000000,6.2800000000,6.0300000000,6.4900000000,-9.552238,24816592,0
2019-05-07,6.1900000000,6.2000000000,6.0200000000,6.2400000000,2.145216,13879264,0
2019-05-08,6.2100000000,6.0300000000,6.0000000000,6.3300000000,0.323101,13968249,0
2019-05-09,6.2700000000,6.1500000000,6.1200000000,6.3600000000,0.966183,13195120,0
2019-05-10,6.5100000000,6.3000000000,6.1500000000,6.5200000000,3.827755,17365863,0
2019-05-13,6.3800000000,6.4100000000,6.3300000000,6.4800000000,-1.996930,10923950,0
2019-05-14,6.2900000000,6.2700000000,6.2500000000,6.4400000000,-1.410661,9175062,0
2019-05-15,6.4000000000,6.3900000000,6.3300000000,6.4500000000,1.748810,11528202,0
2019-05-16,6.6900000000,6.4100000000,6.4100000000,6.8800000000,4.531250,28177483,0
2019-05-17,6.3600000000,6.6500000000,6.3300000000,6.6600000000,-4.932734,19070945,0
2019-05-20,6.5000000000,6.4000000000,6.0400000000,6.5000000000,2.201256,17748213,0
2019-05-21,6.8800000000,6.4100000000,6.3700000000,6.9600000000,5.846156,32806029,0
2019-05-22,6.6800000000,6.8000000000,6.6600000000,6.8900000000,-2.906981,20958133,0
2019-05-23,6.6700000000,6.6800000000,6.5700000000,6.8600000000,-0.149697,19434361,0
2019-05-24,6.6000000000,6.5000000000,6.4500000000,6.8200000000,-1.049478,13501983,0
2019-05-27,6.8400000000,6.6200000000,6.6000000000,6.9200000000,3.636368,19740084,0
2019-05-28,6.7500000000,6.8400000000,6.7300000000,6.8800000000,-1.315792,15714352,0
2019-05-29,6.9900000000,6.8600000000,6.8500000000,7.2800000000,3.555552,34320047,0
2019-05-30,7.6900000000,7.1200000000,7.1200000000,7.6900000000,10.014310,55645315,0
2019-05-31,8.4600000000,7.7000000000,7.6200000000,8.4600000000,10.013000,69282706,0
2019-06-03,8.1300000000,9.0000000000,8.0000000000,9.3100000000,-3.900708,131055835,0
2019-06-04,8.0200000000,8.3000000000,7.7500000000,8.5900000000,-1.353009,83228673,0
2019-06-05,7.8500000000,8.0500000000,7.6600000000,8.2700000000,-2.119708,66484440,0
2019-06-06,7.7500000000,7.8000000000,7.6200000000,8.1400000000,-1.273884,53239905,0
2019-06-10,8.1800000000,7.8500000000,7.4100000000,8.2400000000,5.548391,64419708,0
2019-06-11,8.4600000000,8.0400000000,7.9700000000,8.7700000000,3.422980,80553111,0
2019-06-12,8.4700000000,8.7100000000,8.4000000000,9.1200000000,0.118206,93313933,0
2019-06-13,8.5300000000,8.2200000000,8.1200000000,8.8000000000,0.708376,62376288,0
2019-06-14,8.7400000000,8.4200000000,8.1500000000,8.9600000000,2.461900,86079699,0
2019-06-17,8.4300000000,8.5500000000,8.3000000000,9.0900000000,-3.546905,63369979,0
2019-06-18,8.0500000000,8.3000000000,7.7500000000,8.4200000000,-4.507712,52017096,0
2019-06-19,7.9600000000,8.1100000000,7.9000000000,8.2700000000,-1.118014,42253397,0
2019-06-20,8.1400000000,8.0000000000,7.6500000000,8.1600000000,2.261310,44977757,0
2019-06-21,8.0700000000,8.0600000000,7.9800000000,8.2900000000,-0.859959,41037490,0
2019-06-24,8.1000000000,8.1500000000,8.0200000000,8.2200000000,0.371756,27419945,0
2019-06-25,7.7300000000,8.0600000000,7.6000000000,8.0900000000,-4.567905,34704380,0
2019-06-26,7.6500000000,7.6200000000,7.5800000000,7.7300000000,-1.034928,18367271,0
2019-06-27,7.6400000000,7.6600000000,7.6100000000,7.7700000000,-0.130722,17238381,0
2019-06-28,7.6300000000,7.6900000000,7.4100000000,7.7000000000,-0.130887,21193356,0
2019-07-01,7.7900000000,7.6300000000,7.5500000000,7.8000000000,2.096984,23783052,0
2019-07-02,7.7100000000,7.7400000000,7.6600000000,7.8200000000,-1.026957,15376321,0
2019-07-03,7.4300000000,7.6800000000,7.4200000000,7.7500000000,-3.631650,20439514,0
2019-07-04,7.2100000000,7.4000000000,7.1800000000,7.4800000000,-2.960966,21341991,0
2019-07-05,7.2700000000,7.2400000000,7.1800000000,7.3100000000,0.832177,10244021,0
2019-07-08,6.8700000000,7.2300000000,6.7800000000,7.2300000000,-5.502065,18850275,0
2019-07-09,6.9600000000,6.8900000000,6.8000000000,6.9900000000,1.310046,10492088,0
2019-07-10,6.8500000000,6.9700000000,6.8300000000,7.0300000000,-1.580462,8834110,0
2019-07-11,6.9000000000,6.9200000000,6.8600000000,7.0900000000,0.729930,11911454,0
2019-07-12,6.8700000000,6.7300000000,6.5400000000,6.8900000000,-0.434786,18915218,0
2019-07-15,6.8900000000,6.8400000000,6.7000000000,6.9800000000,0.291121,12727830,0
2019-07-16,6.8800000000,6.9100000000,6.8600000000,7.0200000000,-0.145134,9915638,0
2019-07-17,6.9200000000,6.8900000000,6.8300000000,7.0000000000,0.581395,9149484,0
2019-07-18,6.9400000000,6.9300000000,6.8900000000,7.1000000000,0.289017,17026660,0
2019-07-19,6.9700000000,6.9300000000,6.9300000000,7.0600000000,0.432273,9743310,0
2019-07-22,6.4700000000,6.9000000000,6.4000000000,6.9100000000,-7.173602,18082762,0
2019-07-23,6.6500000000,6.5000000000,6.4600000000,6.6900000000,2.782076,10542641,0
2019-07-24,6.7800000000,6.6800000000,6.6500000000,6.8500000000,1.954889,11416728,0
2019-07-25,6.6900000000,6.9300000000,6.6600000000,6.9300000000,-1.327436,11339612,0
2019-07-26,6.6700000000,6.6600000000,6.6600000000,6.7600000000,-0.299000,6551531,0
2019-07-29,6.6600000000,6.7000000000,6.6000000000,6.7300000000,-0.149928,5885595,0
2019-07-30,6.6800000000,6.6200000000,6.6200000000,6.7700000000,0.300300,8886533,0
2019-07-31,6.5800000000,6.6300000000,6.5600000000,6.7200000000,-1.497000,8998206,0
2019-08-01,6.5800000000,6.5800000000,6.5100000000,6.6500000000,0.000000,8257900,0
2019-08-02,6.8000000000,6.6000000000,6.6000000000,6.9400000000,3.343500,24812852,0
2019-08-05,7.0100000000,6.7500000000,6.6800000000,7.1400000000,3.088200,27471812,0
2019-08-06,6.7600000000,6.8200000000,6.7200000000,7.1500000000,-3.566300,26885234,0
2019-08-07,7.2900000000,6.8500000000,6.8500000000,7.3000000000,7.840200,40480797,0
2019-08-08,7.2700000000,7.2000000000,7.0200000000,7.6400000000,-0.274300,43679584,0
2019-08-09,7.0000000000,7.3000000000,7.0000000000,7.3600000000,-3.713900,25232731,0
2019-08-12,6.8600000000,7.0000000000,6.5500000000,7.0500000000,-2.000000,25312980,0
2019-08-13,7.5500000000,6.8200000000,6.8000000000,7.5500000000,10.058300,22186004,0
2019-08-14,7.7400000000,7.7800000000,7.5000000000,7.8900000000,2.516600,62479179,0
2019-08-15,7.8800000000,7.5700000000,7.5000000000,8.0800000000,1.808800,52342318,0
2019-08-16,7.8100000000,7.8400000000,7.7200000000,7.9300000000,-0.888300,30230542,0
2019-08-19,7.9800000000,7.7500000000,7.6600000000,8.0100000000,2.176700,38906649,0
2019-08-20,7.9800000000,8.1000000000,7.9700000000,8.4500000000,0.000000,52671088,0
2019-08-21,7.8000000000,7.9700000000,7.7300000000,8.0500000000,-2.255600,30781520,0
2019-08-22,8.0900000000,7.9100000000,7.9100000000,8.4000000000,3.717900,54156376,0
2019-08-23,8.2600000000,8.2500000000,8.1100000000,8.4900000000,2.101400,47848986,0
2019-08-26,8.5100000000,8.3500000000,8.1300000000,8.7400000000,3.026600,54098351,0
2019-08-27,8.5100000000,8.4300000000,8.3000000000,8.6300000000,0.000000,37057594,0
2019-08-28,8.1900000000,8.5200000000,8.1600000000,8.8500000000,-3.760300,46942782,0
2019-08-29,8.1300000000,8.1600000000,8.0000000000,8.3500000000,-0.732600,30411093,0
2019-08-30,7.8600000000,8.2000000000,7.8500000000,8.2400000000,-3.321000,29626790,0
2019-09-02,8.2400000000,7.9000000000,7.8400000000,8.2800000000,4.834600,31102689,0
2019-09-03,8.1200000000,8.1900000000,7.9700000000,8.2100000000,-1.456300,23743456,0
2019-09-04,8.9300000000,8.0900000000,8.0200000000,8.9300000000,9.975400,59222682,0
2019-09-05,9.1600000000,9.0000000000,8.8200000000,9.5600000000,2.575600,85488111,0
2019-09-06,9.5500000000,9.0600000000,9.0300000000,9.8700000000,4.257600,69789861,0
2019-09-09,9.5900000000,9.5500000000,9.2500000000,9.7200000000,0.418800,50725824,0
2019-09-10,9.2900000000,9.5100000000,9.2700000000,9.6700000000,-3.128300,36977532,0
2019-09-11,9.3100000000,9.4100000000,9.1300000000,9.4800000000,0.215300,30855296,0
2019-09-12,9.3200000000,9.3300000000,9.0500000000,9.5500000000,0.107400,37629469,0
2019-09-16,9.3400000000,9.3000000000,9.1500000000,9.3800000000,0.214600,28029368,0
2019-09-17,8.9500000000,9.2700000000,8.8700000000,9.2800000000,-4.175600,32667122,0
2019-09-18,9.0200000000,9.0500000000,8.9000000000,9.4000000000,0.782100,38391978,0
2019-09-19,9.9200000000,9.1900000000,9.1100000000,9.9200000000,9.977800,67206576,0
2019-09-20,10.0500000000,10.3000000000,9.6300000000,10.4000000000,1.310500,99531340,0
2019-09-23,9.7200000000,9.9100000000,9.5400000000,9.9700000000,-3.283600,49969582,0
2019-09-24,9.6200000000,9.7200000000,9.5600000000,9.9400000000,-1.028800,44293202,0
2019-09-25,9.0900000000,9.4200000000,9.0000000000,9.5000000000,-5.509400,43269268,0
2019-09-26,8.1800000000,9.0900000000,8.1800000000,9.0900000000,-10.011000,53380272,0
2019-09-27,8.1000000000,8.0800000000,8.0400000000,8.3000000000,-0.978000,29101445,0
2019-09-30,7.9500000000,8.1700000000,7.9400000000,8.2200000000,-1.851900,16483833,0
2019-10-08,8.0000000000,8.0000000000,7.9100000000,8.1900000000,0.628900,18981635,0
2019-10-09,8.0400000000,7.9400000000,7.8300000000,8.0800000000,0.500000,17133424,0
2019-10-10,8.0800000000,8.0300000000,7.9600000000,8.0900000000,0.497500,15998277,0
2019-10-11,7.8800000000,8.0800000000,7.6800000000,8.0800000000,-2.475200,24486098,0
2019-10-14,8.0000000000,7.9300000000,7.9100000000,8.0900000000,1.522800,20973395,0
2019-10-15,7.7700000000,7.9000000000,7.7100000000,7.9000000000,-2.875000,17378342,0
2019-10-16,7.6700000000,7.7500000000,7.6500000000,7.8100000000,-1.287000,14166531,0
2019-10-17,7.6400000000,7.7000000000,7.5400000000,7.7200000000,-0.391100,13185249,0
2019-10-18,7.4100000000,7.6700000000,7.3400000000,7.6800000000,-3.010500,15478905,0
2019-10-21,7.4200000000,7.4400000000,7.2000000000,7.5300000000,0.135000,13944851,0
2019-10-22,7.4700000000,7.4300000000,7.3500000000,7.5500000000,0.673900,12895607,0
2019-10-23,7.3200000000,7.4600000000,7.2700000000,7.4700000000,-2.008000,11699215,0
2019-10-24,7.2900000000,7.3200000000,7.2700000000,7.3700000000,-0.409800,9107838,0
2019-10-25,7.4800000000,7.2900000000,7.2900000000,7.5500000000,2.606300,16854904,0
2019-10-28,7.6900000000,7.4400000000,7.4000000000,7.7500000000,2.807500,17352642,0
2019-10-29,7.5100000000,7.6500000000,7.5100000000,7.6700000000,-2.340700,13701249,0
2019-10-30,7.3000000000,7.5200000000,7.2600000000,7.5300000000,-2.796300,13507328,0
2019-10-31,7.3600000000,7.3200000000,7.1400000000,7.4300000000,0.821900,16327801,0
2019-11-01,7.3500000000,7.3300000000,7.1800000000,7.3900000000,-0.135900,11829289,0
2019-11-04,7.5700000000,7.4000000000,7.3600000000,7.6400000000,2.993200,19712517,0
2019-11-05,7.7500000000,7.6500000000,7.4700000000,8.0500000000,2.377800,30895837,0
2019-11-06,7.6900000000,7.8000000000,7.5900000000,7.9500000000,-0.774200,25055921,0
2019-11-07,7.6500000000,7.6500000000,7.5600000000,7.7200000000,-0.520200,14912351,0
2019-11-08,7.5900000000,7.6900000000,7.5900000000,7.8200000000,-0.784300,15323337,0
2019-11-11,7.1600000000,7.5600000000,7.1500000000,7.5600000000,-5.665400,18682159,0
2019-11-12,7.0500000000,7.1800000000,6.9600000000,7.2400000000,-1.536300,16646582,0
2019-11-13,6.9200000000,7.0300000000,6.8800000000,7.1000000000,-1.844000,12773644,0
2019-11-14,7.0300000000,6.9500000000,6.7600000000,7.1000000000,1.589600,16293975,0
2019-11-15,6.9100000000,7.0000000000,6.9100000000,7.1500000000,-1.707000,11728600,0
2019-11-18,6.9400000000,6.9100000000,6.8300000000,6.9700000000,0.434200,7865830,0
2019-11-19,7.0900000000,6.9800000000,6.9200000000,7.1100000000,2.161400,11992523,0
2019-11-20,7.2100000000,7.0800000000,7.0100000000,7.2800000000,1.692500,18697446,0
2019-11-21,7.0200000000,7.1100000000,6.9900000000,7.1500000000,-2.635200,11359233,0
2019-11-22,6.9400000000,7.0000000000,6.8700000000,7.1200000000,-1.139600,11018194,0
2019-11-25,7.1400000000,6.9500000000,6.9400000000,7.1500000000,2.881800,15828007,0
2019-11-26,7.0800000000,7.1500000000,7.0400000000,7.1700000000,-0.840300,7695927,0
2019-11-27,7.1400000000,7.0800000000,6.9800000000,7.2200000000,0.847500,11834387,0
2019-11-28,6.9900000000,7.1400000000,6.9600000000,7.1700000000,-2.100800,9777118,0
2019-11-29,7.2000000000,6.9700000000,6.8600000000,7.2200000000,3.004300,15997106,0
2019-12-02,7.2400000000,7.2100000000,7.1300000000,7.3600000000,0.555600,15860102,0
2019-12-03,7.4600000000,7.1900000000,7.1800000000,7.5500000000,3.038700,20778581,0
2019-12-04,7.5400000000,7.3900000000,7.3800000000,7.5800000000,1.072400,18032661,0
2019-12-05,7.6100000000,7.6000000000,7.4300000000,7.7300000000,0.928400,21361901,0
2019-12-06,7.4900000000,7.5600000000,7.4200000000,7.5700000000,-1.576900,17737547,0
2019-12-09,7.6100000000,7.4700000000,7.4400000000,7.7800000000,1.602100,22478300,0
2019-12-10,7.5400000000,7.5300000000,7.3800000000,7.6200000000,-0.919800,18546399,0
2019-12-11,7.3900000000,7.4800000000,7.3500000000,7.5200000000,-1.989400,11906021,0
2019-12-12,7.8900000000,7.3900000000,7.3800000000,8.1000000000,6.765900,51241631,0
2019-12-13,7.7900000000,7.9000000000,7.7600000000,7.9900000000,-1.267400,31888409,0
2019-12-16,8.0800000000,7.8000000000,7.7000000000,8.1000000000,3.722700,31614598,0
2019-12-17,8.1300000000,8.0600000000,8.0200000000,8.2400000000,0.618800,34032818,0
2019-12-18,8.2500000000,8.2400000000,8.0700000000,8.3700000000,1.476000,29943253,0
2019-12-19,8.1500000000,8.2600000000,8.1100000000,8.3100000000,-1.212100,17301115,0
2019-12-20,7.9500000000,8.1500000000,7.9400000000,8.2800000000,-2.454000,19612005,0
2019-12-23,7.7600000000,7.9000000000,7.7300000000,8.0300000000,-2.389900,15531598,0
2019-12-24,8.2200000000,7.8000000000,7.7000000000,8.2600000000,5.927800,27478307,0
2019-12-25,8.3400000000,8.1800000000,8.1000000000,8.3800000000,1.459900,29957554,0
2019-12-26,8.2700000000,8.3300000000,8.1400000000,8.3300000000,-0.839300,21384591,0
2019-12-27,9.1000000000,8.9500000000,8.9500000000,9.1000000000,10.036300,14713341,0
2019-12-30,8.8200000000,9.4500000000,8.8000000000,9.6800000000,-3.076900,74858967,0
2019-12-31,8.5100000000,8.6700000000,8.4300000000,8.8200000000,-3.514700,43753098,0
