date,close,open,low,high,pctChg,volume,isST
2019-01-02,4.2896084000,4.3676012800,4.1628699700,4.3870995000,-1.123589,10931165,0
2019-01-03,4.2116155200,4.2018664100,4.2018664100,4.3481030600,-1.818180,8692544,0
2019-01-04,4.3578521700,4.1921173000,4.1531208600,4.3870995000,3.472213,9853752,0
2019-01-07,4.3676012800,4.4260959400,4.2798592900,4.4650923800,0.223719,13220272,0
2019-01-08,4.3968486100,4.3481030600,4.2506119600,4.3968486100,0.669647,11039347,0
2019-01-09,4.5235870400,4.3773503900,4.3383539500,4.5625834800,2.882475,18259285,0
2019-01-10,4.6698236900,4.5235870400,4.4845906000,4.7770639000,3.232761,19141463,0
2019-01-11,4.5528343700,4.6795728000,4.5040888200,4.6795728000,-2.505217,12020282,0
2019-01-14,4.5430852600,4.4943397100,4.4650923800,4.6015799200,-0.214138,10988305,0
2019-01-15,4.4553432700,4.5333361500,4.3676012800,4.5333361500,-1.931324,13768282,0
2019-01-16,4.3870995000,4.4553432700,4.3676012800,4.4553432700,-1.531732,5436950,0
2019-01-17,4.4358450500,4.4260959400,4.3968486100,4.4943397100,1.111115,8155616,0
2019-01-18,4.4260959400,4.4455941600,4.3676012800,4.4748414900,-0.219785,3862300,0
2019-01-21,4.5333361500,4.4260959400,4.4065977200,4.6698236900,2.422910,24581656,0
2019-01-22,4.4260959400,4.5138379300,4.3968486100,4.5138379300,-2.365594,9530974,0
2019-01-23,4.4065977200,4.4260959400,4.3578521700,4.4260959400,-0.440528,6723194,0
2019-01-24,4.6015799200,4.3968486100,4.3968486100,4.6210781400,4.424775,15786999,0
2019-01-25,4.7185692400,4.6503254700,4.5820817000,4.9233005500,2.542381,19695528,0
2019-01-28,4.8160603400,4.9233005500,4.7770639000,5.1865265200,2.066114,55188184,0
2019-01-29,4.8160603400,4.8355585600,4.6893219100,4.9622969900,0.000000,16024375,0
2019-01-30,4.9525478800,4.7380674600,4.6600745800,5.0500389800,2.834005,21908543,0
2019-01-31,5.0012934300,4.9233005500,4.8745550000,5.2157738500,0.984256,21568598,0
2019-02-01,5.2157738500,4.9915443200,4.9720461000,5.2937667300,4.288495,20161979,0
2019-02-11,5.3230140600,5.2450211800,5.2060247400,5.4595016000,2.056077,19168875,0
2019-02-12,5.2450211800,5.2840176200,5.1670283000,5.3035158400,-1.465200,16964050,0
2019-02-13,5.1962756300,5.2450211800,5.0890354200,5.2450211800,-0.929372,23710878,0
2019-02-14,5.1767774100,5.1962756300,5.1280318600,5.3425122800,-0.375234,20188254,0
2019-02-15,5.0695372000,5.1670283000,5.0500389800,5.1865265200,-2.071566,17977693,0
2019-02-18,5.2937667300,5.0695372000,5.0695372000,5.3815087200,4.423078,30610593,0
2019-02-19,5.0987845300,5.3230140600,4.9525478800,5.3425122800,-3.683238,26628183,0
2019-02-20,5.0695372000,5.0792863100,5.0012934300,5.0987845300,-0.573618,14108466,0
2019-02-21,4.9720461000,5.0890354200,4.9525478800,5.1670283000,-1.923075,17523425,0
2019-02-22,5.0597880900,4.9622969900,4.9427987700,5.0695372000,1.764709,13362866,0
2019-02-25,5.3327631700,5.1377809700,5.0792863100,5.3620105000,5.394985,35681176,0
2019-02-26,5.2060247400,5.3425122800,5.0500389800,5.3522613900,-2.376593,34110548,0
2019-02-27,5.1377809700,5.1962756300,5.0305407600,5.2060247400,-1.310865,21267037,0
2019-02-28,5.0695372000,5.1377809700,5.0207916500,5.1377809700,-1.328277,13261744,0
2019-03-01,5.1475300800,5.0597880900,5.0597880900,5.1572791900,1.538469,12573168,0
2019-03-04,5.2450211800,5.1572791900,5.1572791900,5.4205051600,1.893938,24116395,0
2019-03-05,5.7519749000,5.2450211800,5.1767774100,5.7714731200,9.665426,38057918,0
2019-03-06,5.5862400300,5.7519749000,5.4984980400,5.8007204500,-2.881357,26891267,0
2019-03-07,5.5374944800,5.5959891400,5.4595016000,5.6934802400,-0.872604,19462404,0
2019-03-08,5.3425122800,5.4497524900,5.2937667300,5.6447346900,-3.521123,19812102,0
2019-03-11,5.5959891400,5.3230140600,5.2255229600,5.6447346900,4.744521,32614945,0
2019-03-12,5.8104695600,5.6642329100,5.6642329100,5.9859535400,3.832757,29751394,0
2019-03-13,5.9372079900,5.8104695600,5.6642329100,6.0931937500,2.181210,26134277,0
2019-03-14,5.6934802400,5.9274588800,5.6739820200,6.0444482000,-4.105090,13466602,0
2019-03-15,5.9762044300,5.7519749000,5.7129784600,6.0639464200,4.965753,17671200,0
2019-03-18,6.4344126000,5.9664553200,5.9664553200,6.4539108200,7.667207,28515654,0
2019-03-19,6.4636599300,6.4441617100,6.2686777300,6.6781403500,0.454549,23142035,0
2019-03-20,6.8048787800,6.6781403500,6.4344126000,7.1071011900,5.279033,74419430,0
2019-03-21,6.7366350100,6.5124054800,6.5124054800,6.9803627600,-1.002868,30664084,0
2019-03-22,6.6391439100,6.6781403500,6.5221545900,6.7756314500,-1.447177,11229989,0
2019-03-25,6.8243770000,6.5319037000,6.4734090400,7.0876029700,2.790015,28386175,0
2019-03-26,6.6586421300,6.8243770000,6.6098965800,6.9121189900,-2.428572,11073280,0
2019-03-27,6.6488930200,6.7073876800,6.5416528100,6.7756314500,-0.146409,10985387,0
2019-03-28,6.4246634900,6.6683912400,6.3856670500,6.6781403500,-3.372434,15276875,0
2019-03-29,6.5026563700,6.4636599300,6.2491795100,6.5903983600,1.213959,16408527,0
2019-04-01,6.6976385700,6.5319037000,6.5221545900,6.7658823400,2.998498,17836189,0
2019-04-02,6.4929072600,6.8146278900,6.4539108200,6.8146278900,-3.056769,22410933,0
2019-04-03,6.1711866300,6.5611510300,6.0834446400,6.5611510300,-4.954954,50025608,0
2019-04-04,6.0931937500,6.2491795100,5.9469571000,6.2589286200,-1.263822,33595387,0
2019-04-08,5.8982115500,6.0639464200,5.7617240100,6.1419393000,-3.199997,42969976,0
2019-04-09,5.9372079900,5.9079606600,5.8494660000,5.9762044300,0.661156,24049160,0
2019-04-10,5.9469571000,5.9469571000,5.8592151100,6.0152008700,0.164199,27247011,0
2019-04-11,5.9469571000,6.0054517600,5.8884624400,6.0736955300,0.000000,21481698,0
2019-04-12,5.7714731200,5.9177097700,5.5862400300,5.9274588800,-2.950817,35606652,0
2019-04-15,5.6154873600,5.8104695600,5.5667418100,5.8689642200,-2.702700,39755522,0
2019-04-16,5.5569927000,5.5959891400,5.3425122800,5.5959891400,-1.041674,37181709,0
2019-04-17,5.6544838000,5.5764909200,5.5082471500,5.6934802400,1.754393,30367187,0
2019-04-18,5.4887489300,5.6544838000,5.4595016000,5.6642329100,-2.931036,28467350,0
2019-04-19,5.4984980400,5.5179962600,5.4205051600,5.5374944800,0.177616,21127992,0
2019-04-22,5.4887489300,5.5082471500,5.4400033800,5.5374944800,-0.177301,15878913,0
2019-04-23,5.3132649500,5.4887489300,5.2937667300,5.4887489300,-3.197163,27406927,0
2019-04-24,5.4692507100,5.3327631700,5.3035158400,5.4789998200,2.935786,23382330,0
2019-04-25,5.2157738500,5.4497524900,5.1962756300,5.5179962600,-4.634585,20432387,0
2019-04-26,5.2645194000,5.2060247400,5.0597880900,5.3327631700,0.934583,17422712,0
2019-04-29,5.1670283000,5.2450211800,5.0207916500,5.2450211800,-1.851850,15167520,0
2019-04-30,5.1572791900,5.1182827500,5.1085336400,5.2157738500,-0.188684,9817900,0
2019-05-06,4.6503254700,5.0402898700,4.6405763600,5.0402898700,-9.829867,22607459,0
2019-05-07,4.8648058900,4.6698236900,4.6698236900,4.9135514400,4.612155,20801813,0
2019-05-08,4.9427987700,4.7965621200,4.7283183500,5.0890354200,1.603215,17110483,0
2019-05-09,5.0012934300,4.9427987700,4.9135514400,5.0500389800,1.183431,17048710,0
2019-05-10,5.1670283000,5.0012934300,4.9427987700,5.1670283000,3.313842,15648856,0
2019-05-13,5.1475300800,5.1475300800,5.0695372000,5.2157738500,-0.377358,14696608,0
2019-05-14,4.9233005500,5.0792863100,4.8843041100,5.1085336400,-4.356061,21338936,0
2019-05-15,5.0597880900,4.9622969900,4.9038023300,5.1475300800,2.772274,19594498,0
2019-05-16,5.0597880900,5.0890354200,4.9720461000,5.1475300800,0.000000,12398103,0
2019-05-17,4.8453076700,4.9915443200,4.8063112300,5.1085336400,-4.238926,13152049,0
2019-05-20,4.8550567800,4.8258094500,4.7380674600,4.9233005500,0.201212,10886807,0
2019-05-21,4.9622969900,4.8940532200,4.8258094500,5.0207916500,2.208838,10712767,0
2019-05-22,4.8940532200,4.9720461000,4.8745550000,4.9915443200,-1.375249,7983727,0
2019-05-23,4.7770639000,4.9038023300,4.7283183500,4.9038023300,-2.390436,9921310,0
2019-05-24,4.7575656800,4.7770639000,4.6698236900,4.8355585600,-0.408163,8762040,0
2019-05-27,5.0500389800,4.8063112300,4.7575656800,5.0695372000,6.147535,23825242,0
2019-05-28,5.1670283000,5.0305407600,4.9817952100,5.2450211800,2.316609,23102021,0
2019-05-29,5.1572791900,5.1670283000,5.0987845300,5.2060247400,-0.188684,12252486,0
2019-05-30,5.1280318600,5.1475300800,5.0792863100,5.1572791900,-0.567103,8088157,0
2019-05-31,5.3230140600,5.2060247400,5.2060247400,5.4595016000,3.802278,28724990,0
2019-06-03,5.1670283000,5.3132649500,5.1182827500,5.3230140600,-2.930400,22020895,0
2019-06-04,5.1182827500,5.1670283000,5.0890354200,5.2060247400,-0.943400,8409698,0
2019-06-05,5.0597880900,5.1670283000,5.0402898700,5.1865265200,-1.142856,6426316,0
2019-06-06,4.9525478800,5.0695372000,4.9038023300,5.0987845300,-2.119463,14594373,0
2019-06-10,5.0402898700,4.9330496600,4.9135514400,5.0695372000,1.771657,9327419,0
2019-06-11,5.2742685100,5.0207916500,5.0207916500,5.3035158400,4.642162,15644863,0
2019-06-12,5.2645194000,5.2547702900,5.2255229600,5.3522613900,-0.184838,8106520,0
2019-06-13,5.2255229600,5.2352720700,5.1670283000,5.2547702900,-0.740740,6203575,0
2019-06-14,5.0890354200,5.2157738500,5.0695372000,5.2547702900,-2.611947,6127330,0
2019-06-17,5.1085336400,5.1182827500,5.0207916500,5.1572791900,0.383141,5485700,0
2019-06-18,5.1377809700,5.1182827500,5.0500389800,5.1377809700,0.572523,6149705,0
2019-06-19,5.2157738500,5.1962756300,5.1767774100,5.3132649500,1.518025,8397264,0
2019-06-20,5.2937667300,5.2157738500,5.1767774100,5.3132649500,1.495326,11077647,0
2019-06-21,5.3327631700,5.3327631700,5.3035158400,5.4205051600,0.736648,15045720,0
2019-06-24,5.5764909200,5.3327631700,5.3132649500,5.5862400300,4.570384,19221771,0
2019-06-25,5.6837311300,5.6252364700,5.5667418100,5.8299677800,1.923079,28839156,0
2019-06-26,5.8884624400,5.6837311300,5.6544838000,5.9859535400,3.602059,27329078,0
2019-06-27,5.9177097700,5.8494660000,5.7617240100,6.0249499800,0.496692,28831723,0
2019-06-28,5.8884624400,5.8982115500,5.7714731200,6.0054517600,-0.494237,14300865,0
2019-07-01,5.9664553200,6.0639464200,5.9177097700,6.1029428600,1.324502,21036608,0
2019-07-02,5.9079606600,5.9859535400,5.8104695600,6.0054517600,-0.980391,15924203,0
2019-07-03,5.8884624400,5.9664553200,5.8007204500,5.9762044300,-0.330033,10656478,0
2019-07-04,5.8104695600,5.8592151100,5.7714731200,5.9079606600,-1.324502,8366010,0
2019-07-05,5.8592151100,5.8299677800,5.8299677800,5.9469571000,0.838929,8907810,0
2019-07-08,5.6739820200,5.8982115500,5.5667418100,5.9079606600,-3.161398,12419911,0
2019-07-09,5.7032293500,5.7227275700,5.6252364700,5.7422257900,0.515459,5576872,0
2019-07-10,5.8787133300,5.7519749000,5.6739820200,6.0249499800,3.076928,12959217,0
2019-07-11,5.6620767500,5.9082540000,5.6325354800,5.9279481800,-3.685089,13368123,0
2019-07-12,5.9279481800,5.8097831000,5.7014651100,5.9673365400,4.695652,17986478,0
2019-07-15,5.9574894500,5.9476423600,5.8590185500,6.0658074400,0.498342,14278643,0
2019-07-16,5.9476423600,5.9574894500,5.8984069100,6.0559603500,-0.165293,6776802,0
2019-07-17,5.9574894500,5.9771836300,5.8097831000,5.9771836300,0.165567,10113680,0
2019-07-18,5.7703947400,5.8984069100,5.7113122000,5.9082540000,-3.140497,8704400,0
2019-07-19,5.8688656400,5.7802418300,5.7605476500,5.8984069100,1.706483,6697573,0
2019-07-22,5.7211592900,5.8590185500,5.6522296600,5.8984069100,-2.516780,7294571,0
2019-07-23,5.6916180200,5.6916180200,5.6522296600,5.7900889200,-0.516347,5631870,0
2019-07-24,5.6916180200,5.6817709300,5.6325354800,5.7703947400,0.000000,7721659,0
2019-07-25,5.7900889200,5.7211592900,5.6719238400,5.8688656400,1.730102,8310201,0
2019-07-26,5.7113122000,5.7802418300,5.6325354800,5.7999360100,-1.360500,6353580,0
2019-07-29,5.6128413000,5.6325354800,5.5833000300,5.7014651100,-1.724144,7432675,0
2019-07-30,5.6522296600,5.6226883900,5.6128413000,5.6817709300,0.701800,4653160,0
2019-07-31,5.6719238400,5.6423825700,5.5931471200,5.7014651100,0.348400,4573383,0
2019-08-01,5.5143704000,5.6719238400,5.4454407700,5.6719238400,-2.777800,10631699,0
2019-08-02,5.4651349500,5.4060524100,5.3666640500,5.5143704000,-0.892900,4278090,0
2019-08-05,5.4946762200,5.4257465900,5.4257465900,5.5734529400,0.540500,4758653,0
2019-08-06,5.4454407700,5.4158995000,5.1795693400,5.4946762200,-0.896100,10187604,0
2019-08-07,5.4749820400,5.4749820400,5.4257465900,5.5833000300,0.542500,6660351,0
2019-08-08,5.5439116700,5.5045233100,5.5045233100,5.6916180200,1.259000,8301248,0
2019-08-09,5.3666640500,5.6029942100,5.3272756900,5.6522296600,-3.197200,8960214,0
2019-08-12,5.6522296600,5.4060524100,5.3765111400,5.7014651100,5.321100,15457187,0
2019-08-13,5.5931471200,5.6620767500,5.5734529400,5.6817709300,-1.045300,6872762,0
2019-08-14,5.6128413000,5.6817709300,5.6029942100,5.7900889200,0.352100,8598437,0
2019-08-15,5.5734529400,5.4552878600,5.4257465900,5.6029942100,-0.701800,9981557,0
2019-08-16,5.4848291300,5.5931471200,5.4552878600,5.6423825700,-1.590100,7548140,0
2019-08-19,5.5734529400,5.4848291300,5.4257465900,5.5833000300,1.615800,10436999,0
2019-08-20,5.6423825700,5.5833000300,5.5340645800,5.6423825700,1.236800,6632958,0
2019-08-21,5.9181010900,5.5931471200,5.5734529400,5.9377952700,4.886600,21453279,0
2019-08-22,5.9870307200,5.9279481800,5.8491714600,6.0658074400,1.164700,19118501,0
2019-08-23,6.1544312500,5.9673365400,5.9181010900,6.1741254300,2.796100,20943519,0
2019-08-26,6.5089264900,6.0756545300,6.0756545300,6.5483148500,5.760000,38373404,0
2019-08-27,6.4892323100,6.4892323100,6.3907614100,6.5581619400,-0.302600,26627555,0
2019-08-28,6.4793852200,6.4892323100,6.4006085000,6.5877032100,-0.151700,16829998,0
2019-08-29,6.5877032100,6.5089264900,6.4596910400,6.6664799300,1.671700,11900448,0
2019-08-30,6.3809143200,6.5877032100,6.3612201400,6.6467857500,-3.139000,20123355,0
2019-09-02,6.7944921000,6.4695381300,6.4104555900,6.9225042700,6.481500,33656362,0
2019-09-03,6.7944921000,6.8141862800,6.6960212000,6.9520455400,0.000000,20476212,0
2019-09-04,6.7944921000,6.8141862800,6.6861741100,6.9421984500,0.000000,14021922,0
2019-09-05,6.8634217300,6.8043391900,6.7944921000,6.9914339000,1.014500,19741620,0
2019-09-06,6.9126571800,6.8634217300,6.8338804600,6.9717397200,0.717400,13109918,0
2019-09-09,7.4247058600,6.9717397200,6.9717397200,7.5034825800,7.407400,38470321,0
2019-09-10,7.4542471300,7.6118005700,7.3853175000,7.7398127400,0.397900,31305209,0
2019-09-11,7.3360820500,7.5625651200,7.3065407800,7.5625651200,-1.585200,24517215,0
2019-09-12,7.1588344300,7.3951645900,7.0997518900,7.4444000400,-2.416100,30343180,0
2019-09-16,7.0406693500,7.2868466000,7.0111280800,7.4050116800,-1.650600,28700397,0
2019-09-17,6.8437275500,7.0702106200,6.7944921000,7.1489873400,-2.797200,22255666,0
2019-09-18,6.8437275500,6.8338804600,6.7551037400,6.9225042700,0.000000,17954935,0
2019-09-19,6.9225042700,6.9028100900,6.6467857500,6.9717397200,1.151100,18653379,0
2019-09-20,6.8929630000,6.9225042700,6.8043391900,7.0012809900,-0.426700,15349297,0
2019-09-23,6.7944921000,6.9520455400,6.7157153800,6.9717397200,-1.428600,18900121,0
2019-09-24,7.0702106200,6.8141862800,6.8141862800,7.2277640600,4.058000,30390827,0
2019-09-25,6.9717397200,7.0505164400,6.9126571800,7.1785286100,-1.392800,26640893,0
2019-09-26,6.6270915700,6.9618926300,6.6073973900,7.0111280800,-4.943500,23190266,0
2019-09-27,7.0406693500,6.6369386600,6.6073973900,7.0800577100,6.240700,22399108,0
2019-09-30,6.8732688200,7.1588344300,6.8634217300,7.2671524200,-2.377600,20386404,0
2019-10-08,7.2376111500,6.8831159100,6.8831159100,7.3360820500,5.300900,34870445,0
2019-10-09,7.0997518900,7.1489873400,6.9520455400,7.3360820500,-1.904800,34012006,0
2019-10-10,7.1391402500,7.1095989800,6.9815868100,7.1686815200,0.554800,22648468,0
2019-10-11,7.0012809900,7.0603635300,6.9028100900,7.1292931600,-1.931000,18765349,0
2019-10-14,6.8141862800,6.9421984500,6.6960212000,7.0603635300,-2.672300,27223244,0
2019-10-15,6.6664799300,6.8535746400,6.5975503000,6.9323513600,-2.167600,22516447,0
2019-10-16,6.6073973900,6.6566328400,6.5384677600,6.7354095600,-0.886300,17543735,0
2019-10-17,6.4793852200,6.6369386600,6.3809143200,6.6467857500,-1.937400,23049378,0
2019-10-18,6.3513730500,6.5089264900,6.2430550600,6.5286206700,-1.975700,15187787,0
2019-10-21,6.3809143200,6.3415259600,5.9968778100,6.4596910400,0.465100,21254912,0
2019-10-22,6.4596910400,6.3907614100,6.2627492400,6.5089264900,1.234600,14946402,0
2019-10-23,6.4203026800,6.4596910400,6.4006085000,6.5384677600,-0.609800,8312674,0
2019-10-24,6.4399968600,6.4301497700,6.2725963300,6.4596910400,0.306700,9891964,0
2019-10-25,6.4203026800,6.4104555900,6.2529021500,6.4793852200,-0.305800,11347369,0
2019-10-28,6.5581619400,6.4006085000,6.3809143200,6.6861741100,2.147200,20977355,0
2019-10-29,6.4793852200,6.5581619400,6.4104555900,6.5581619400,-1.201200,14276263,0
2019-10-30,6.2529021500,6.4006085000,6.1150428900,6.4793852200,-3.495400,29303242,0
2019-10-31,6.2824434200,6.2824434200,6.2627492400,6.5877032100,0.472400,27601287,0
2019-11-01,6.4596910400,6.2725963300,6.2725963300,6.5187735800,2.821300,15838549,0
2019-11-04,6.4990794000,6.4695381300,6.4301497700,6.5778561200,0.609800,17765803,0
2019-11-05,6.5286206700,6.5286206700,6.3316788700,6.5581619400,0.454500,18985277,0
2019-11-06,6.4990794000,6.5384677600,6.4104555900,6.7157153800,-0.452500,21047902,0
2019-11-07,6.3513730500,6.4990794000,6.3021376000,6.4990794000,-2.272700,17538160,0
2019-11-08,6.3119846900,6.4006085000,6.2725963300,6.4793852200,-0.620200,15338573,0
2019-11-11,6.0953487100,6.2430550600,6.0362661700,6.2430550600,-3.432100,15627279,0
2019-11-12,6.0756545300,6.1347370700,6.0264190800,6.1938196100,-0.323100,10658662,0
2019-11-13,6.0362661700,6.0756545300,6.0067249000,6.1051958000,-0.648300,8134588,0
2019-11-14,6.0855016200,6.0461132600,6.0362661700,6.1839725200,0.815700,10206554,0
2019-11-15,5.9279481800,6.1347370700,5.8491714600,6.1347370700,-2.589000,15094880,0
2019-11-18,5.9279481800,5.9476423600,5.8196301900,5.9673365400,0.000000,15988985,0
2019-11-19,6.0559603500,5.9279481800,5.8984069100,6.0855016200,2.159500,11178242,0
2019-11-20,5.9082540000,6.0559603500,5.8787127300,6.0756545300,-2.439000,10470091,0
2019-11-21,5.8885598200,5.9082540000,5.8688656400,5.9673365400,-0.333300,7059420,0
2019-11-22,5.8984069100,5.9181010900,5.8688656400,6.0264190800,0.167200,10349159,0
2019-11-25,5.8294772800,5.9082540000,5.7211592900,5.9082540000,-1.168600,10330860,0
2019-11-26,5.7999360100,5.8196301900,5.7703947400,5.8787127300,-0.506800,5256854,0
2019-11-27,5.8787127300,5.8196301900,5.7703947400,5.9181010900,1.358200,7437783,0
2019-11-28,5.7900889200,5.8196301900,5.6719238400,5.8688656400,-1.507500,16467188,0
2019-11-29,5.8097831000,5.8688656400,5.7703947400,5.9279481800,0.340100,11028526,0
2019-12-02,5.7703947400,5.8885598200,5.7113122000,5.8885598200,-0.678000,9606889,0
2019-12-03,5.7802418300,5.7605476500,5.6226883900,5.7999360100,0.170600,13673095,0
2019-12-04,5.7999360100,5.7310063800,5.7211592900,5.8196301900,0.340700,9187208,0
2019-12-05,5.8196301900,5.8294772800,5.7310063800,5.8491714600,0.339600,11656279,0
2019-12-06,5.9771836300,5.8393243700,5.7900889200,5.9870307200,2.707300,17631940,0
2019-12-09,5.9377952700,5.9968778100,5.9082540000,6.0756545300,-0.659000,14583995,0
2019-12-10,5.8590185500,5.9181010900,5.7900889200,5.9476423600,-1.326700,16737963,0
2019-12-11,5.7310063800,5.8491714600,5.7113122000,5.8590185500,-2.184900,16930723,0
2019-12-12,5.7703947400,5.7408534700,5.6916180200,5.7999360100,0.687300,9995840,0
2019-12-13,5.9377952700,5.7999360100,5.7802418300,5.9574894500,2.901000,16630067,0
2019-12-16,6.0953487100,5.9574894500,5.8885598200,6.1544312500,2.653400,24369514,0
2019-12-17,6.1051958000,6.0953487100,6.0461132600,6.1544312500,0.161500,15409480,0
2019-12-18,6.0658074400,6.1150428900,6.0461132600,6.1445841600,-0.645200,14038380,0
2019-12-19,6.0362661700,6.0855016200,5.9870307200,6.0953487100,-0.487000,9851729,0
2019-12-20,5.9968778100,6.0461132600,5.9574894500,6.0559603500,-0.652500,14465113,0
2019-12-23,6.0067249000,5.9968778100,5.8294772800,6.0559603500,0.164200,27878436,0
2019-12-24,5.9279481800,5.9771836300,5.8885598200,6.0067249000,-1.311500,15320459,0
2019-12-25,5.8787127300,5.9181010900,5.8491714600,5.9279481800,-0.830600,14247446,0
2019-12-26,5.9377952700,5.8688656400,5.8688656400,5.9870307200,1.005000,15436905,0
2019-12-27,5.8885598200,5.9968778100,5.8787127300,5.9968778100,-0.829200,14222640,0
2019-12-30,6.0165719900,5.8984069100,5.8294772800,6.1150428900,2.173900,24907559,0
2019-12-31,6.2233608800,6.0362661700,6.0264190800,6.3119846900,3.437000,33962892,0
