date,close,open,low,high,pctChg,volume,isST
2019-01-02,5.0046661500,5.0538279000,4.9751691000,5.0734926000,-0.779726,2625946,0
2019-01-03,4.9751691000,5.0046661500,4.9063426500,5.0636602500,-0.589395,3921421,0
2019-01-04,5.0046661500,4.9751691000,4.9260073500,5.0341632000,0.592889,4184055,0
2019-01-07,5.0931573000,5.0439955500,5.0243308500,5.1128220000,1.768166,4468644,0
2019-01-08,5.1128220000,5.1128220000,5.0734926000,5.1521514000,0.386100,3296688,0
2019-01-09,5.1029896500,5.1128220000,5.0833249500,5.1914808000,-0.192303,2898460,0
2019-01-10,5.0439955500,5.0734926000,5.0243308500,5.1128220000,-1.156068,3107788,0
2019-01-11,5.0931573000,5.0439955500,5.0243308500,5.1029896500,0.974653,2487850,0
2019-01-14,5.2013131500,5.0734926000,5.0734926000,5.2308102000,2.123555,6035842,0
2019-01-15,5.2111455000,5.2013131500,5.1324867000,5.2603072500,0.189040,5595898,0
2019-01-16,5.1718161000,5.1914808000,5.1423190500,5.2013131500,-0.754716,3146700,0
2019-01-17,5.1521514000,5.1423190500,5.1029896500,5.2013131500,-0.380237,3755440,0
2019-01-18,5.1324867000,5.1423190500,5.0439955500,5.1619837500,-0.381679,3612503,0
2019-01-21,5.1914808000,5.1128220000,5.0833249500,5.1914808000,1.149433,4305697,0
2019-01-22,5.1718161000,5.2013131500,5.1324867000,5.2013131500,-0.378787,2479043,0
2019-01-23,5.2013131500,5.1816484500,5.1423190500,5.2111455000,0.570337,2766855,0
2019-01-24,5.2308102000,5.1816484500,5.1816484500,5.2603072500,0.567112,2246498,0
2019-01-25,5.2209778500,5.2308102000,5.2111455000,5.2799719500,-0.187974,2732083,0
2019-01-28,5.2701396000,5.2209778500,5.2111455000,5.3291337000,0.941623,5726399,0
2019-01-29,5.3389660500,5.2603072500,5.1718161000,5.3487984000,1.305964,7402713,0
2019-01-30,5.0734926000,5.3094690000,5.0538279000,5.3094690000,-4.972375,8307622,0
2019-01-31,5.1029896500,5.0931573000,5.0636602500,5.1816484500,0.581399,5201522,0
2019-02-01,5.1619837500,5.1226543500,5.1029896500,5.1718161000,1.156068,3317652,0
2019-02-11,5.2603072500,5.1521514000,5.1226543500,5.2603072500,1.904760,4134541,0
2019-02-12,5.2504749000,5.2603072500,5.2406425500,5.3487984000,-0.186911,5063257,0
2019-02-13,5.3389660500,5.2603072500,5.2504749000,5.3487984000,1.685387,6610662,0
2019-02-14,5.2799719500,5.3291337000,5.2406425500,5.3881278000,-1.104971,5467092,0
2019-02-15,5.2701396000,5.2701396000,5.2308102000,5.2996366500,-0.186215,2733085,0
2019-02-18,5.3979601500,5.2504749000,5.2406425500,5.4864513000,2.425366,8921756,0
2019-02-19,5.3979601500,5.4077925000,5.3389660500,5.4372895500,0.000000,6697715,0
2019-02-20,5.4274572000,5.3979601500,5.3291337000,5.4372895500,0.546452,7642716,0
2019-02-21,5.3979601500,5.4274572000,5.3881278000,5.5061160000,-0.543482,6674575,0
2019-02-22,5.4077925000,5.3979601500,5.3291337000,5.4372895500,0.182153,6757901,0
2019-02-25,5.6536012500,5.4176248500,5.4176248500,5.7027630000,4.545455,20070811,0
2019-02-26,5.5552777500,5.6044395000,5.4962836500,5.6634336000,-1.739129,16347366,0
2019-02-27,5.4864513000,5.5552777500,5.4667866000,5.5847748000,-1.238941,9078103,0
2019-02-28,5.5356130500,5.5651101000,5.4667866000,5.6044395000,0.896061,9948691,0
2019-03-01,5.5356130500,5.5552777500,5.4766189500,5.5749424500,0.000000,6795927,0
2019-03-04,5.5454454000,5.5651101000,5.5061160000,5.6044395000,0.177616,15436706,0
2019-03-05,5.5651101000,5.5061160000,5.4766189500,5.5749424500,0.354610,14480676,0
2019-03-06,5.5847748000,5.5651101000,5.5061160000,5.6142718500,0.353357,19609603,0
2019-03-07,5.5946071500,5.5946071500,5.5159483500,5.6830983000,0.176060,22749801,0
2019-03-08,5.2996366500,5.5257807000,5.2701396000,5.5356130500,-5.272411,22680427,0
2019-03-11,5.3881278000,5.2996366500,5.2996366500,5.3979601500,1.669762,13306910,0
2019-03-12,5.3979601500,5.3881278000,5.3389660500,5.4667866000,0.182477,15699120,0
2019-03-13,5.2799719500,5.3586307500,5.2111455000,5.3881278000,-2.185791,15814172,0
2019-03-14,5.1423190500,5.2799719500,5.0931573000,5.2799719500,-2.607074,14089266,0
2019-03-15,5.2209778500,5.1423190500,5.1423190500,5.2406425500,1.529635,9918952,0
2019-03-18,5.3586307500,5.2209778500,5.1521514000,5.3782954500,2.636532,17883830,0
2019-03-19,5.3291337000,5.3389660500,5.2701396000,5.3487984000,-0.550454,16001901,0
2019-03-20,5.2996366500,5.3094690000,5.2209778500,5.3389660500,-0.553509,11568940,0
2019-03-21,5.3094690000,5.2996366500,5.2799719500,5.3487984000,0.185533,12800311,0
2019-03-22,5.2701396000,5.2898043000,5.2013131500,5.3389660500,-0.740740,11917229,0
2019-03-25,5.3094690000,5.2308102000,5.1914808000,5.3389660500,0.746268,12403814,0
2019-03-26,5.1816484500,5.3193013500,5.1619837500,5.3389660500,-2.407409,11472725,0
2019-03-27,5.4569542500,5.2603072500,5.2603072500,5.4864513000,5.313097,34283733,0
2019-03-28,5.4864513000,5.4274572000,5.4274572000,5.6634336000,0.540536,32307639,0
2019-03-29,5.6241042000,5.5847748000,5.4372895500,5.6536012500,2.508958,26620642,0
2019-04-01,5.6929306500,5.6929306500,5.6142718500,5.7715894500,1.223779,28655300,0
2019-04-02,5.6437689000,5.7027630000,5.6044395000,5.7617571000,-0.863561,17828502,0
2019-04-03,5.7125953500,5.6142718500,5.6044395000,5.7912541500,1.219515,21757973,0
2019-04-04,5.7420924000,5.7125953500,5.6929306500,5.9289070500,0.516355,21502478,0
2019-04-08,5.8994100000,5.8010865000,5.7715894500,5.9485717500,2.739723,29882523,0
2019-04-09,5.8600806000,5.9485717500,5.8010865000,5.9485717500,-0.666666,17841327,0
2019-04-10,5.8797453000,5.8797453000,5.8502482500,5.9780688000,0.335570,17457141,0
2019-04-11,5.7420924000,5.8600806000,5.6732659500,5.8994100000,-2.341135,21555827,0
2019-04-12,5.8699129500,5.7715894500,5.6536012500,5.9289070500,2.226021,24584803,0
2019-04-15,5.7224277000,5.9584041000,5.7027630000,5.9977335000,-2.512557,18304780,0
2019-04-16,5.7715894500,5.6536012500,5.6536012500,5.8207512000,0.859102,12995129,0
2019-04-17,5.7617571000,5.7715894500,5.7322600500,5.8109188500,-0.170353,9711795,0
2019-04-18,5.7420924000,5.8010865000,5.7224277000,5.8797453000,-0.341297,12241672,0
2019-04-19,5.8010865000,5.7912541500,5.7322600500,5.8207512000,1.027396,10435913,0
2019-04-22,5.7125953500,5.8207512000,5.7027630000,5.8404159000,-1.525426,9727830,0
2019-04-23,5.6339365500,5.7519247500,5.6241042000,5.7617571000,-1.376935,8887001,0
2019-04-24,5.8010865000,5.6339365500,5.6339365500,5.8502482500,2.966842,15394972,0
2019-04-25,5.6044395000,5.8010865000,5.5946071500,5.8699129500,-3.389835,11872630,0
2019-04-26,5.6241042000,5.6339365500,5.5356130500,5.6732659500,0.350877,11159960,0
2019-04-29,5.7125953500,5.6044395000,5.5356130500,5.8404159000,1.573429,15338596,0
2019-04-30,5.9780688000,5.6634336000,5.6634336000,5.9977335000,4.647160,22386205,0
2019-05-06,5.5454454000,5.8404159000,5.5159483500,5.9289070500,-7.236843,19566715,0
2019-05-07,5.8010865000,5.5651101000,5.5651101000,5.8895776500,4.609933,22906011,0
2019-05-08,5.5651101000,5.6830983000,5.5552777500,5.7617571000,-4.067801,19172004,0
2019-05-09,5.4077925000,5.5159483500,5.3193013500,5.5257807000,-2.826853,15862759,0
2019-05-10,5.7814218000,5.4274572000,5.4274572000,5.8797453000,6.909093,22885334,0
2019-05-13,5.8797453000,5.7617571000,5.7224277000,5.9190747000,1.700679,14903176,0
2019-05-14,5.6913535000,5.7310145000,5.6120315000,5.8599127500,-3.204048,13880573,0
2019-05-15,6.0879635000,5.7210992500,5.7210992500,6.1672855000,6.968643,29409539,0
2019-05-16,6.0978787500,6.0284720000,5.9590652500,6.1573702500,0.162870,19283085,0
2019-05-17,5.9788957500,6.1474550000,5.9392347500,6.1772007500,-1.951218,19683520,0
2019-05-20,6.0582177500,5.8995737500,5.7508450000,6.0978787500,1.326699,15865358,0
2019-05-21,6.0284720000,6.0879635000,5.9491500000,6.0978787500,-0.491002,12476380,0
2019-05-22,5.9689805000,6.0383872500,5.8995737500,6.0681330000,-0.986841,9551118,0
2019-05-23,5.8004212500,5.9788957500,5.7012687500,5.9888110000,-2.823921,11602662,0
2019-05-24,5.8202517500,5.7607602500,5.7012687500,5.9194042500,0.341880,10705838,0
2019-05-27,5.8995737500,5.8499975000,5.7310145000,5.9194042500,1.362861,8131294,0
2019-05-28,5.8202517500,5.8797432500,5.8004212500,5.9194042500,-1.344537,7147181,0
2019-05-29,5.9194042500,5.8103365000,5.7805907500,5.9888110000,1.703576,9850014,0
2019-05-30,6.0383872500,5.8400822500,5.8301670000,6.0483025000,2.010056,11590864,0
2019-05-31,5.9590652500,6.0284720000,5.9293195000,6.0978787500,-1.313628,8621868,0
2019-06-03,6.0582177500,5.9590652500,5.8797432500,6.1772007500,1.663892,14811765,0
2019-06-04,5.9689805000,5.9987262500,5.9194042500,6.1474550000,-1.472998,9481632,0
2019-06-05,6.1474550000,5.9689805000,5.9689805000,6.1970312500,2.990030,15006919,0
2019-06-06,6.0483025000,6.1772007500,6.0483025000,6.2069465000,-1.612902,11210325,0
2019-06-10,6.1276245000,6.0582177500,6.0582177500,6.1772007500,1.311474,7442316,0
2019-06-11,6.1871160000,6.0879635000,6.0780482500,6.1970312500,0.970873,15203009,0
2019-06-12,6.1276245000,6.1474550000,6.0681330000,6.1970312500,-0.961538,6818397,0
2019-06-13,6.0582177500,6.1276245000,5.9689805000,6.1375397500,-1.132681,7435732,0
2019-06-14,5.9987262500,6.0582177500,5.9987262500,6.1177092500,-0.981996,6454201,0
2019-06-17,5.9987262500,6.0383872500,5.9689805000,6.0681330000,0.000000,3659970,0
2019-06-18,5.9987262500,5.9788957500,5.9590652500,6.0284720000,0.000000,3299851,0
2019-06-19,5.9888110000,6.0582177500,5.9788957500,6.0978787500,-0.165293,5512335,0
2019-06-20,6.1474550000,5.9788957500,5.9293195000,6.1772007500,2.649004,12397147,0
2019-06-21,6.1871160000,6.1573702500,6.1077940000,6.2069465000,0.645161,7039835,0
2019-06-24,6.2862685000,6.1672855000,6.1375397500,6.4151667500,1.602570,11370900,0
2019-06-25,6.2366922500,6.2763532500,6.1375397500,6.2862685000,-0.788647,6277380,0
2019-06-26,6.4151667500,6.2565227500,6.2069465000,6.4944887500,2.861682,14646077,0
2019-06-27,6.4151667500,6.4944887500,6.3259295000,6.4944887500,0.000000,10459270,0
2019-06-28,6.4151667500,6.3755057500,6.3755057500,6.5539802500,0.000000,9518375,0
2019-07-01,6.4746582500,6.5143192500,6.4151667500,6.5143192500,0.927364,11804350,0
2019-07-02,6.4746582500,6.4548277500,6.3953362500,6.5936412500,0.000000,12510083,0
2019-07-03,6.4052515000,6.4845735000,6.3556752500,6.5440650000,-1.071978,9702320,0
2019-07-04,6.4052515000,6.4449125000,6.3556752500,6.5143192500,0.000000,6915117,0
2019-07-05,6.2664380000,6.6333022500,6.2267770000,6.6333022500,-2.167181,13756837,0
2019-07-08,6.0879635000,6.2763532500,6.0383872500,6.2763532500,-2.848106,10845835,0
2019-07-09,6.1077940000,6.0879635000,6.0086415000,6.1474550000,0.325733,9106538,0
2019-07-10,6.0780482500,6.1276245000,6.0383872500,6.1474550000,-0.487009,4595090,0
2019-07-11,6.1276245000,6.1077940000,6.0681330000,6.1573702500,0.815656,5571210,0
2019-07-12,6.1276245000,6.1375397500,6.0582177500,6.1474550000,0.000000,5035342,0
2019-07-15,6.3259295000,6.1970312500,6.1474550000,6.3755057500,3.236251,12906021,0
2019-07-16,6.5143192500,6.3457600000,6.2961837500,6.6432175000,2.978057,20086845,0
2019-07-17,6.5738107500,6.5936412500,6.5143192500,6.6531327500,0.913241,14720604,0
2019-07-18,6.4944887500,6.6134717500,6.4845735000,6.6927937500,-1.206635,12590282,0
2019-07-19,6.5143192500,6.6035565000,6.4548277500,6.6432175000,0.305343,9536625,0
2019-07-22,6.4151667500,6.4746582500,6.3556752500,6.5936412500,-1.522076,9217398,0
2019-07-23,6.6729632500,6.4151667500,6.4052515000,6.7423700000,4.018551,20013987,0
2019-07-24,6.6333022500,6.6729632500,6.5638955000,6.6927937500,-0.594353,11201771,0
2019-07-25,6.7721157500,6.6729632500,6.6630480000,6.8117767500,2.092674,12840232,0
2019-07-26,6.7225395000,6.6630480000,6.6432175000,6.7622005000,-0.732100,7432738,0
2019-07-29,6.8415225000,6.7423700000,6.6729632500,6.8613530000,1.769910,11194241,0
2019-07-30,6.7820310000,6.8514377500,6.7522852500,6.8811835000,-0.869600,8444316,0
2019-07-31,6.7919462500,6.7721157500,6.7126242500,6.8712682500,0.146200,10100933,0
2019-08-01,6.7126242500,6.7423700000,6.6729632500,6.7820310000,-1.167900,7677547,0
2019-08-02,6.7027090000,6.6134717500,6.5638955000,6.7423700000,-0.147700,8284090,0
2019-08-05,6.5440650000,6.6927937500,6.4944887500,6.7721157500,-2.366900,11003630,0
2019-08-06,6.4845735000,6.4548277500,6.3259295000,6.5539802500,-0.909100,10500751,0
2019-08-07,6.5242345000,6.5044040000,6.3556752500,6.5638955000,0.611600,11538131,0
2019-08-08,6.4845735000,6.5242345000,6.4250820000,6.5738107500,-0.607900,9720400,0
2019-08-09,6.3259295000,6.5143192500,6.3160142500,6.5341497500,-2.446500,8023218,0
2019-08-12,6.4944887500,6.5044040000,6.3457600000,6.5044040000,2.664600,7739612,0
2019-08-13,6.4151667500,6.4349972500,6.3655905000,6.4449125000,-1.221400,4619902,0
2019-08-14,6.4151667500,6.4746582500,6.3854210000,6.5341497500,0.000000,7961588,0
2019-08-15,6.4052515000,6.3259295000,6.1772007500,6.4449125000,-0.154600,9275200,0
2019-08-16,6.3755057500,6.4052515000,6.3259295000,6.4052515000,-0.464400,6506888,0
2019-08-19,6.8117767500,6.5341497500,6.5341497500,6.9010140000,6.842900,28922294,0
2019-08-20,6.7522852500,6.8613530000,6.7126242500,6.8910987500,-0.873400,16219707,0
2019-08-21,6.7919462500,6.7721157500,6.6927937500,6.8811835000,0.587400,13830295,0
2019-08-22,6.7423700000,6.8117767500,6.6828785000,6.8216920000,-0.729900,11155591,0
2019-08-23,6.7622005000,6.7423700000,6.7027090000,6.7820310000,0.294100,5901268,0
2019-08-26,6.8613530000,6.6333022500,6.6134717500,6.8910987500,1.466300,12170453,0
2019-08-27,6.7622005000,6.8415225000,6.7225395000,6.9605055000,-1.445100,17544040,0
2019-08-28,6.8018615000,6.8316072500,6.7324547500,6.9605055000,0.586500,13828600,0
2019-08-29,6.8117767500,6.8018615000,6.7324547500,6.8415225000,0.145800,7943553,0
2019-08-30,6.7622005000,6.8514377500,6.7027090000,6.8613530000,-0.727800,7013975,0
2019-09-02,6.9406750000,6.7324547500,6.7324547500,6.9704207500,2.639300,12287111,0
2019-09-03,6.9803360000,6.9208445000,6.8316072500,6.9902512500,0.571400,8933012,0
2019-09-04,7.0299122500,7.0001665000,6.9208445000,7.1191495000,0.710200,11026337,0
2019-09-05,7.0199970000,7.0299122500,6.9803360000,7.0894037500,-0.141000,8792138,0
2019-09-06,7.1092342500,7.0001665000,7.0001665000,7.1191495000,1.271200,7217452,0
2019-09-09,7.0001665000,7.1389800000,6.9406750000,7.1389800000,-1.534200,11819838,0
2019-09-10,7.1885562500,6.9902512500,6.9307597500,7.2083867500,2.691200,14425540,0
2019-09-11,7.0993190000,7.1885562500,7.0398275000,7.2282172500,-1.241400,10924208,0
2019-09-12,7.0894037500,7.0993190000,7.0398275000,7.1191495000,-0.139700,5754763,0
2019-09-16,7.0894037500,7.0794885000,7.0398275000,7.1687257500,0.000000,5826780,0
2019-09-17,6.9902512500,7.0398275000,6.9307597500,7.0894037500,-1.398600,7038906,0
2019-09-18,7.1290647500,7.0001665000,6.9803360000,7.1687257500,1.985800,10623228,0
2019-09-19,7.3372850000,7.1687257500,7.1389800000,7.3372850000,2.920700,14313929,0
2019-09-20,7.3571155000,7.3472002500,7.1984715000,7.3670307500,0.270300,10238950,0
2019-09-23,7.2183020000,7.3273697500,7.1588105000,7.3372850000,-1.886800,8571881,0
2019-09-24,7.3571155000,7.2877087500,7.2183020000,7.4066917500,1.923100,9434723,0
2019-09-25,7.5256747500,7.4166070000,7.3372850000,7.6744035000,2.291100,23670939,0
2019-09-26,7.4066917500,7.5851662500,7.3472002500,7.5950815000,-1.581000,12472944,0
2019-09-27,7.3571155000,7.4364375000,7.2678782500,7.4860137500,-0.669300,9459265,0
2019-09-30,7.3868612500,7.2976240000,7.2976240000,7.4562680000,0.404300,7405875,0
2019-10-08,7.3670307500,7.4066917500,7.3174545000,7.5752510000,-0.268500,9948675,0
2019-10-09,7.3472002500,7.3571155000,7.2183020000,7.4166070000,-0.269200,9115064,0
2019-10-10,7.4364375000,7.3571155000,7.2877087500,7.4463527500,1.214600,8062482,0
2019-10-11,7.6049967500,7.7338950000,7.4661832500,7.8132170000,2.266700,22341995,0
2019-10-14,7.8132170000,7.6248272500,7.4661832500,7.8925390000,2.737900,19683796,0
2019-10-15,7.6347425000,7.7239797500,7.5752510000,7.7438102500,-2.284300,13524751,0
2019-10-16,7.9421152500,7.6248272500,7.6248272500,8.0908440000,4.026000,24715101,0
2019-10-17,8.0313525000,7.9222847500,7.8727085000,8.1106745000,1.123600,15314688,0
2019-10-18,8.5370302500,8.0313525000,7.9817762500,8.6262675000,6.296300,42547096,0
2019-10-21,7.9619457500,8.5469455000,7.8330475000,8.8840640000,-6.736400,49201742,0
2019-10-22,8.2693185000,8.0313525000,7.6644882500,8.2990642500,3.860500,33359834,0
2019-10-23,8.3089795000,8.1106745000,7.9421152500,8.5171997500,0.479600,29744284,0
2019-10-24,8.0908440000,8.2098270000,8.0313525000,8.4775387500,-2.625300,20592349,0
2019-10-25,7.9024542500,7.9817762500,7.8231322500,8.0809287500,-2.328400,20071889,0
2019-10-28,7.9718610000,7.7834712500,7.7735560000,8.0313525000,0.878300,16380559,0
2019-10-29,7.9123695000,7.9322000000,7.8330475000,8.1701660000,-0.746300,19308627,0
2019-10-30,8.3585557500,7.9322000000,7.8627932500,8.3982167500,5.639100,27507813,0
2019-10-31,8.4775387500,8.2792337500,8.2098270000,8.5171997500,1.423500,20129974,0
2019-11-01,8.3684710000,8.3883015000,8.2990642500,8.4775387500,-1.286600,16179467,0
2019-11-04,8.2792337500,8.2990642500,8.1701660000,8.4973692500,-1.066300,23096354,0
2019-11-05,8.2693185000,8.2494880000,8.1800812500,8.3387252500,-0.119800,16578859,0
2019-11-06,8.3684710000,8.2296575000,8.1007592500,8.3982167500,1.199000,22444818,0
2019-11-07,8.2494880000,8.3089795000,8.1999117500,8.3585557500,-1.421800,11423056,0
2019-11-08,8.0710135000,8.2494880000,8.0610982500,8.3288100000,-2.163500,15746410,0
2019-11-11,7.4562680000,7.9817762500,7.4166070000,7.9817762500,-7.616700,34966920,0
2019-11-12,7.4959290000,7.4562680000,7.3571155000,7.5851662500,0.531900,15720782,0
2019-11-13,7.5752510000,7.4860137500,7.4661832500,7.7438102500,1.058200,14499017,0
2019-11-14,7.6744035000,7.5355900000,7.5355900000,7.7735560000,1.308900,11391269,0
2019-11-15,7.4364375000,7.7338950000,7.4364375000,7.7537255000,-3.100800,13646731,0
2019-11-18,7.5950815000,7.4760985000,7.3472002500,7.6049967500,2.133300,11100663,0
2019-11-19,7.7338950000,7.5653357500,7.4760985000,7.8033017500,1.827700,14217037,0
2019-11-20,7.7239797500,7.6744035000,7.6347425000,7.8132170000,-0.128200,13287507,0
2019-11-21,7.8132170000,7.6843187500,7.6446577500,7.8429627500,1.155300,9825663,0
2019-11-22,7.6446577500,7.7735560000,7.5355900000,7.8132170000,-2.157400,13786726,0
2019-11-25,7.7041492500,7.6545730000,7.5554205000,7.7338950000,0.778200,7881963,0
2019-11-26,7.7041492500,7.7338950000,7.6446577500,7.7834712500,0.000000,7396085,0
2019-11-27,7.7636407500,7.7438102500,7.6942340000,7.8330475000,0.772200,5826117,0
2019-11-28,7.8826237500,7.7735560000,7.7338950000,7.9817762500,1.532600,10510249,0
2019-11-29,7.8727085000,7.8528780000,7.7537255000,7.9718610000,-0.125800,6689784,0
2019-12-02,7.8826237500,7.9322000000,7.8033017500,7.9322000000,0.125900,5831781,0
2019-12-03,8.1503355000,7.8925390000,7.8727085000,8.1899965000,3.396200,15900955,0
2019-12-04,8.2296575000,8.0908440000,8.0710135000,8.2594032500,0.973200,9677943,0
2019-12-05,8.1899965000,8.2792337500,8.1701660000,8.2990642500,-0.481900,9041743,0
2019-12-06,8.2395727500,8.1999117500,8.1503355000,8.2693185000,0.605300,8144332,0
2019-12-09,8.2098270000,8.3089795000,8.1503355000,8.3783862500,-0.361000,8714451,0
2019-12-10,8.2098270000,8.1899965000,8.1503355000,8.3188947500,0.000000,8070202,0
2019-12-11,8.1503355000,8.2197422500,8.1106745000,8.2197422500,-0.724600,7575834,0
2019-12-12,8.1007592500,8.1503355000,8.0809287500,8.2197422500,-0.608300,7794443,0
2019-12-13,8.1404202500,8.1701660000,8.1106745000,8.2197422500,0.489600,6625037,0
2019-12-16,8.1999117500,8.1404202500,8.1305050000,8.2792337500,0.730800,12590916,0
2019-12-17,7.9222847500,8.1899965000,7.6347425000,8.1899965000,-3.385700,35799979,0
2019-12-18,7.7338950000,7.8231322500,7.6942340000,7.8231322500,-2.378000,16216288,0
2019-12-19,7.7239797500,7.7239797500,7.6843187500,7.7735560000,-0.128200,10572437,0
2019-12-20,7.7239797500,7.7537255000,7.6942340000,7.7933865000,0.000000,10910435,0
2019-12-23,7.5950815000,7.7338950000,7.5554205000,7.7338950000,-1.668800,9624989,0
2019-12-24,7.6347425000,7.5950815000,7.5653357500,7.6347425000,0.522200,5351988,0
2019-12-25,7.5851662500,7.6347425000,7.5455052500,7.6347425000,-0.649300,5485582,0
2019-12-26,7.4265222500,7.5851662500,7.3372850000,7.5950815000,-2.091500,13853723,0
2019-12-27,7.4562680000,7.3967765000,7.3967765000,7.5256747500,0.400500,10671220,0
2019-12-30,7.4166070000,7.4463527500,7.2976240000,7.4463527500,-0.531900,9859708,0
2019-12-31,7.4860137500,7.4265222500,7.4166070000,7.5455052500,0.935800,10474789,0
