date,close,open,low,high,pctChg,volume,isST
2019-01-02,5.0000000000,4.9400000000,4.9400000000,5.0400000000,1.214574,2807180,0
2019-01-03,4.8800000000,5.0000000000,4.8400000000,5.0200000000,-2.399998,2156300,0
2019-01-04,5.1000000000,4.8300000000,4.8000000000,5.1500000000,4.508193,6913215,0
2019-01-07,5.1500000000,5.0900000000,5.0400000000,5.1500000000,0.980396,3593615,0
2019-01-08,5.0900000000,5.1600000000,4.9100000000,5.2200000000,-1.165047,6787110,0
2019-01-09,5.0000000000,5.1100000000,4.9600000000,5.1300000000,-1.768176,4952590,0
2019-01-10,5.1500000000,5.0000000000,5.0000000000,5.1800000000,3.000002,4700644,0
2019-01-11,5.0900000000,5.1200000000,5.0900000000,5.1900000000,-1.165047,3416844,0
2019-01-14,5.1800000000,5.0900000000,5.0900000000,5.2000000000,1.768166,2413055,0
2019-01-15,5.1300000000,5.1800000000,5.0900000000,5.1900000000,-0.965245,2458300,0
2019-01-16,5.1300000000,5.1300000000,5.1200000000,5.1900000000,0.000000,1680840,0
2019-01-17,5.0600000000,5.1000000000,5.0300000000,5.1800000000,-1.364526,2577320,0
2019-01-18,5.0900000000,5.0400000000,5.0300000000,5.1100000000,0.592889,1744949,0
2019-01-21,5.0800000000,5.1000000000,5.0600000000,5.1700000000,-0.196468,2111931,0
2019-01-22,5.0500000000,5.0300000000,4.9500000000,5.1000000000,-0.590546,4313280,0
2019-01-23,5.0600000000,5.0000000000,4.9800000000,5.1100000000,0.198015,1715740,0
2019-01-24,4.9900000000,5.1100000000,4.9900000000,5.1100000000,-1.383403,1642100,0
2019-01-25,4.9700000000,5.0100000000,4.9400000000,5.0800000000,-0.400801,1841300,0
2019-01-28,4.9100000000,4.9800000000,4.8700000000,5.0100000000,-1.207242,2318111,0
2019-01-29,4.7200000000,4.8800000000,4.6000000000,4.9200000000,-3.869655,3787560,0
2019-01-30,4.6400000000,4.7000000000,4.6100000000,4.7400000000,-1.694914,1818529,0
2019-01-31,4.5000000000,4.7200000000,4.5000000000,4.7200000000,-3.017239,1778858,0
2019-02-01,4.0500000000,4.4900000000,4.0500000000,4.5400000000,-9.999995,14565700,0
2019-02-11,4.2100000000,3.9900000000,3.9900000000,4.2300000000,3.950613,9676030,0
2019-02-12,4.2500000000,4.1900000000,4.1700000000,4.3200000000,0.950118,5040469,0
2019-02-13,4.3600000000,4.2900000000,4.2500000000,4.4000000000,2.588238,4363679,0
2019-02-14,4.4000000000,4.3900000000,4.3400000000,4.5100000000,0.917430,3584644,0
2019-02-15,4.3900000000,4.4400000000,4.3600000000,4.4700000000,-0.227278,2662965,0
2019-02-18,4.5900000000,4.4100000000,4.3900000000,4.6100000000,4.555816,3869140,0
2019-02-19,4.6200000000,4.5900000000,4.5400000000,4.7100000000,0.653589,3737780,0
2019-02-20,4.6400000000,4.6200000000,4.5600000000,4.6900000000,0.432900,3487520,0
2019-02-21,4.6000000000,4.6800000000,4.5800000000,4.7000000000,-0.862068,4421479,0
2019-02-22,4.6800000000,4.5500000000,4.5500000000,4.6800000000,1.739129,3191240,0
2019-02-25,4.8900000000,4.7100000000,4.7100000000,5.1500000000,4.487180,8519390,0
2019-02-26,4.9000000000,4.8500000000,4.8100000000,5.0600000000,0.204504,8861886,0
2019-02-27,4.9000000000,4.8900000000,4.8600000000,4.9900000000,0.000000,5280792,0
2019-02-28,4.9400000000,4.8600000000,4.8600000000,5.0200000000,0.816326,3749228,0
2019-03-01,4.9400000000,4.9400000000,4.8300000000,5.0000000000,0.000000,2863800,0
2019-03-04,5.0600000000,4.9100000000,4.9100000000,5.1400000000,2.429147,6074861,0
2019-03-05,5.2000000000,5.0800000000,5.0200000000,5.2000000000,2.766796,4932891,0
2019-03-06,5.2900000000,5.2800000000,5.2000000000,5.3700000000,1.730772,4524208,0
2019-03-07,5.4100000000,5.3200000000,5.2500000000,5.4100000000,2.268429,5328083,0
2019-03-08,5.0400000000,5.3000000000,5.0000000000,5.3100000000,-6.839184,6206800,0
2019-03-11,5.3200000000,5.1300000000,5.1300000000,5.4000000000,5.555560,4906962,0
2019-03-12,5.4900000000,5.4200000000,5.3100000000,5.6800000000,3.195481,10075782,0
2019-03-13,5.5400000000,5.5700000000,5.4400000000,5.6100000000,0.910750,5949468,0
2019-03-14,5.7500000000,5.5200000000,5.4900000000,6.0400000000,3.790614,13142247,0
2019-03-15,5.6500000000,5.7500000000,5.5200000000,5.8600000000,-1.739129,10351907,0
2019-03-18,5.6900000000,5.5900000000,5.5700000000,5.7400000000,0.707964,4692130,0
2019-03-19,5.5800000000,5.6700000000,5.5200000000,5.7200000000,-1.933218,5519526,0
2019-03-20,5.6500000000,5.5900000000,5.5300000000,5.6600000000,1.254483,3005031,0
2019-03-21,5.6500000000,5.5800000000,5.5800000000,5.7000000000,0.000000,3501660,0
2019-03-22,5.7200000000,5.8400000000,5.6600000000,5.9200000000,1.238933,5089560,0
2019-03-25,6.2900000000,6.2900000000,6.1300000000,6.2900000000,9.965038,15814713,0
2019-03-26,6.0500000000,6.5000000000,5.9600000000,6.7700000000,-3.815577,32105283,0
2019-03-27,6.2400000000,5.8600000000,5.5600000000,6.4000000000,3.140489,20582969,0
2019-03-28,6.3900000000,6.0700000000,5.9400000000,6.7700000000,2.403848,26317571,0
2019-03-29,6.1700000000,6.2000000000,5.9600000000,6.3800000000,-3.442876,18790018,0
2019-04-01,6.2500000000,6.0900000000,6.0800000000,6.4500000000,1.296595,15268010,0
2019-04-02,6.1000000000,6.1500000000,6.0800000000,6.3400000000,-2.400002,11741796,0
2019-04-03,6.1100000000,6.0100000000,5.9900000000,6.1800000000,0.163938,7731236,0
2019-04-04,6.0800000000,6.0600000000,5.9700000000,6.1200000000,-0.491002,7786507,0
2019-04-08,5.9600000000,6.1200000000,5.9100000000,6.1400000000,-1.973682,6027391,0
2019-04-09,6.0800000000,5.9600000000,5.8600000000,6.1200000000,2.013421,7428386,0
2019-04-10,6.2100000000,6.0200000000,5.8800000000,6.3300000000,2.138160,8862139,0
2019-04-11,6.2400000000,6.2100000000,6.1300000000,6.4700000000,0.483088,10247590,0
2019-04-12,6.3000000000,6.1600000000,6.1400000000,6.3500000000,0.961545,8249764,0
2019-04-15,6.3000000000,6.3700000000,6.2500000000,6.4200000000,0.000000,9329034,0
2019-04-16,6.3300000000,6.2900000000,6.0000000000,6.3800000000,0.476186,6236270,0
2019-04-17,6.3000000000,6.2700000000,6.2500000000,6.3500000000,-0.473929,5634506,0
2019-04-18,6.3700000000,6.2800000000,6.2500000000,6.5000000000,1.111106,7402808,0
2019-04-19,6.4500000000,6.3900000000,6.2900000000,6.5000000000,1.255886,7290053,0
2019-04-22,6.5700000000,6.4400000000,6.4100000000,6.6600000000,1.860471,8324301,0
2019-04-23,6.8300000000,6.5600000000,6.3900000000,6.9900000000,3.957378,15610233,0
2019-04-24,6.8400000000,6.8500000000,6.6300000000,6.8600000000,0.146416,8369425,0
2019-04-25,6.4700000000,6.8500000000,6.3800000000,6.8500000000,-5.409362,12538601,0
2019-04-26,6.3000000000,6.4800000000,6.2500000000,6.5800000000,-2.627506,9920093,0
2019-04-29,6.1300000000,6.4400000000,5.9500000000,6.4400000000,-2.698414,5686564,0
2019-04-30,6.2100000000,6.2600000000,6.0100000000,6.2600000000,1.305056,7863620,0
2019-05-06,5.9200000000,6.0200000000,5.6500000000,6.2600000000,-4.669887,7527812,0
2019-05-07,5.9900000000,5.8900000000,5.8600000000,6.0600000000,1.182427,5115354,0
2019-05-08,6.1600000000,5.8300000000,5.8300000000,6.2400000000,2.838065,4618809,0
2019-05-09,6.1800000000,6.1300000000,6.0900000000,6.2500000000,0.324675,5127869,0
2019-05-10,6.4100000000,6.1800000000,6.1000000000,6.4600000000,3.721683,5081640,0
2019-05-13,6.5200000000,6.3600000000,6.2600000000,6.5200000000,1.716071,2912360,0
2019-05-14,6.4500000000,6.5000000000,6.3200000000,6.5100000000,-1.073622,2640220,0
2019-05-15,6.6900000000,6.4700000000,6.4700000000,6.7400000000,3.720934,5069592,0
2019-05-16,6.7300000000,6.6200000000,6.6200000000,6.7900000000,0.597907,2854009,0
2019-05-17,6.4700000000,6.7300000000,6.2600000000,6.7800000000,-3.863302,3791754,0
2019-05-20,6.4300000000,6.5600000000,6.3300000000,6.5600000000,-0.618237,1910980,0
2019-05-21,6.2100000000,6.5800000000,6.1200000000,6.5800000000,-3.421459,6261970,0
2019-05-22,6.4600000000,6.2100000000,6.1700000000,6.5400000000,4.025765,7536692,0
2019-05-23,6.1100000000,6.3200000000,6.0200000000,6.4500000000,-5.417955,4899001,0
2019-05-24,5.9400000000,6.1700000000,5.9100000000,6.1800000000,-2.782325,2610271,0
2019-05-27,5.9900000000,5.8300000000,5.8300000000,6.1100000000,0.841746,3458812,0
2019-05-28,6.0200000000,6.0000000000,6.0000000000,6.1300000000,0.500838,1927005,0
2019-05-29,6.0100000000,5.9800000000,5.9300000000,6.1200000000,-0.166109,2231084,0
2019-05-30,5.9000000000,6.0100000000,5.8100000000,6.0600000000,-1.830285,2528507,0
2019-05-31,5.7800000000,5.9700000000,5.7600000000,5.9800000000,-2.033896,2119079,0
2019-06-03,5.6700000000,5.7900000000,5.6200000000,5.8800000000,-1.903116,3140441,0
2019-06-04,5.4600000000,5.6500000000,5.4300000000,5.7700000000,-3.703704,3182128,0
2019-06-05,5.4600000000,5.4800000000,5.4500000000,5.5600000000,0.000000,1375536,0
2019-06-06,5.3000000000,5.4600000000,5.2200000000,5.4600000000,-2.930400,2322920,0
2019-06-10,5.4000000000,5.2900000000,5.2900000000,5.5400000000,1.886791,1623841,0
2019-06-11,5.5800000000,5.5400000000,5.4200000000,5.6600000000,3.333330,3373460,0
2019-06-12,5.7000000000,5.6000000000,5.5400000000,5.7300000000,2.150536,2364949,0
2019-06-13,5.9800000000,5.7500000000,5.6600000000,5.9900000000,4.912284,3538151,0
2019-06-14,5.8900000000,5.9800000000,5.7700000000,6.0300000000,-1.505019,2411044,0
2019-06-17,5.9200000000,5.8900000000,5.8500000000,5.9600000000,0.509341,1243887,0
2019-06-18,5.8200000000,6.0000000000,5.8000000000,6.0000000000,-1.689188,1510460,0
2019-06-19,5.7800000000,5.8700000000,5.7100000000,5.9600000000,-0.687284,3572103,0
2019-06-20,5.8600000000,5.8100000000,5.7900000000,5.9500000000,1.384082,7320470,0
2019-06-21,5.9800000000,5.9500000000,5.8400000000,6.0700000000,2.047780,9587851,0
2019-06-24,6.0200000000,6.0000000000,5.9100000000,6.0600000000,0.668896,5764366,0
2019-06-25,5.9700000000,6.0300000000,5.9100000000,6.0300000000,-0.830568,3398260,0
2019-06-26,5.8700000000,5.9800000000,5.8600000000,6.0500000000,-1.675040,4207260,0
2019-06-27,5.9800000000,5.9900000000,5.8600000000,6.0200000000,1.873938,5748360,0
2019-06-28,5.8600000000,5.9400000000,5.8300000000,6.0200000000,-2.006687,3298650,0
2019-07-01,5.9300000000,5.9200000000,5.8800000000,6.0000000000,1.194534,3230658,0
2019-07-02,5.9400000000,5.9700000000,5.9000000000,5.9700000000,0.168638,1002781,0
2019-07-03,5.9900000000,5.9500000000,5.8600000000,6.0400000000,0.841746,3179251,0
2019-07-04,5.9000000000,5.9800000000,5.8600000000,5.9900000000,-1.502499,2837097,0
2019-07-05,5.9800000000,5.9000000000,5.7500000000,6.0000000000,1.355931,2468147,0
2019-07-08,5.8800000000,6.0200000000,5.8100000000,6.0200000000,-1.672239,2883421,0
2019-07-09,5.9800000000,5.8800000000,5.8000000000,5.9800000000,1.700679,2241299,0
2019-07-10,5.9600000000,5.9700000000,5.8900000000,6.0200000000,-0.334448,1918087,0
2019-07-11,5.8700000000,5.9300000000,5.8600000000,5.9800000000,-1.510070,1064866,0
2019-07-12,5.8300000000,5.8300000000,5.8300000000,5.9000000000,-0.681430,1136300,0
2019-07-15,5.9100000000,5.8300000000,5.7900000000,5.9200000000,1.372211,1194000,0
2019-07-16,5.9500000000,5.9000000000,5.8900000000,6.0000000000,0.676818,1914600,0
2019-07-17,5.9000000000,5.9900000000,5.8800000000,5.9900000000,-0.840331,1163347,0
2019-07-18,5.8400000000,5.8500000000,5.8200000000,5.9100000000,-1.016948,1334522,0
2019-07-19,5.9200000000,5.8200000000,5.8200000000,5.9300000000,1.369862,2043927,0
2019-07-22,5.8600000000,5.9500000000,5.7900000000,5.9600000000,-1.013512,3585851,0
2019-07-23,5.9200000000,5.8700000000,5.8600000000,5.9900000000,1.023890,4642898,0
2019-07-24,5.9000000000,5.9100000000,5.9000000000,5.9800000000,-0.337838,1797907,0
2019-07-25,5.9200000000,5.8700000000,5.8600000000,5.9600000000,0.338983,2982908,0
2019-07-26,6.2700000000,5.9500000000,5.9000000000,6.5000000000,5.912200,7287027,0
2019-07-29,6.1500000000,6.3000000000,6.1000000000,6.3300000000,-1.913874,3002987,0
2019-07-30,6.1300000000,6.1200000000,6.1000000000,6.2000000000,-0.325200,2126528,0
2019-07-31,6.3300000000,6.1300000000,6.0500000000,6.3300000000,3.262600,5813897,0
2019-08-01,6.4700000000,6.3800000000,6.2600000000,6.4800000000,2.211700,4038034,0
2019-08-02,6.3700000000,6.4500000000,6.2600000000,6.4500000000,-1.545600,3302969,0
2019-08-05,6.4700000000,6.4000000000,6.3100000000,6.6400000000,1.569900,4720594,0
2019-08-06,6.7200000000,6.5000000000,6.2700000000,6.7700000000,3.864000,7095360,0
2019-08-07,6.7300000000,6.7700000000,6.5900000000,6.9600000000,0.148800,4958384,0
2019-08-08,6.6600000000,6.6700000000,6.5700000000,6.8100000000,-1.040100,2388953,0
2019-08-09,6.3900000000,6.6600000000,6.3500000000,6.6800000000,-4.054100,3449560,0
2019-08-12,6.5500000000,6.4500000000,6.3200000000,6.5600000000,2.503900,1881954,0
2019-08-13,6.6000000000,6.4700000000,6.4100000000,6.6700000000,0.763400,1674274,0
2019-08-14,6.7100000000,6.7100000000,6.6100000000,6.8800000000,1.666700,2592168,0
2019-08-15,6.8000000000,6.7500000000,6.5800000000,6.8200000000,1.341300,3111900,0
2019-08-16,6.8400000000,6.8300000000,6.8100000000,6.9800000000,0.588200,2626040,0
2019-08-19,6.8700000000,6.8400000000,6.7700000000,6.9400000000,0.438600,2776520,0
2019-08-20,6.7500000000,6.9000000000,6.6500000000,6.9100000000,-1.746700,2435300,0
2019-08-21,6.7600000000,6.6700000000,6.6700000000,6.9000000000,0.148200,2446200,0
2019-08-22,6.7100000000,6.7000000000,6.6600000000,6.8500000000,-0.739600,1613780,0
2019-08-23,6.7100000000,6.7100000000,6.5200000000,6.7400000000,0.000000,2998581,0
2019-08-26,6.6900000000,6.7000000000,6.6000000000,6.8300000000,-0.298100,1699520,0
2019-08-27,6.8500000000,6.7200000000,6.7200000000,6.9100000000,2.391600,2157783,0
2019-08-28,6.8500000000,6.8600000000,6.8000000000,6.9800000000,0.000000,1131080,0
2019-08-29,6.9200000000,6.8800000000,6.8800000000,6.9600000000,1.021900,2725120,0
2019-08-30,7.1400000000,6.9800000000,6.8700000000,7.2600000000,3.179200,4944766,0
2019-09-02,7.1600000000,7.2200000000,7.0600000000,7.3000000000,0.280100,3112344,0
2019-09-03,7.0700000000,7.1700000000,7.0000000000,7.1700000000,-1.257000,1953581,0
2019-09-04,7.0700000000,7.0800000000,7.0100000000,7.2200000000,0.000000,2493400,0
2019-09-05,7.0400000000,7.1000000000,7.0300000000,7.1300000000,-0.424300,1709800,0
2019-09-06,7.0200000000,7.0700000000,6.9800000000,7.0900000000,-0.284100,1317500,0
2019-09-09,6.9900000000,7.0500000000,6.9600000000,7.0700000000,-0.427400,1820400,0
2019-09-10,7.0100000000,6.9900000000,6.9700000000,7.0400000000,0.286100,1167788,0
2019-09-11,7.0300000000,7.0100000000,7.0100000000,7.1300000000,0.285300,1084884,0
2019-09-12,6.9600000000,7.0000000000,6.9200000000,7.0200000000,-0.995700,1199609,0
2019-09-16,6.8100000000,6.9600000000,6.8000000000,6.9600000000,-2.155200,2541100,0
2019-09-17,6.6100000000,6.8600000000,6.6000000000,6.8600000000,-2.936900,1738533,0
2019-09-18,6.6700000000,6.6400000000,6.6200000000,6.7100000000,0.907700,1363400,0
2019-09-19,6.9300000000,6.7000000000,6.7000000000,6.9800000000,3.898000,3085320,0
2019-09-20,6.8500000000,6.9000000000,6.7800000000,6.9200000000,-1.154400,5080145,0
2019-09-23,6.8400000000,6.9300000000,6.6900000000,7.0600000000,-0.146000,2793520,0
2019-09-24,6.9700000000,6.5000000000,6.5000000000,7.0500000000,1.900600,6166400,0
2019-09-25,7.1800000000,6.9700000000,6.8600000000,7.3600000000,3.012900,9873941,0
2019-09-26,7.3200000000,7.3400000000,7.1600000000,7.4300000000,1.949900,5516965,0
2019-09-27,7.1200000000,7.3900000000,7.1000000000,7.4100000000,-2.732200,4265900,0
2019-09-30,7.3500000000,7.3000000000,7.0800000000,7.3900000000,3.230300,3661460,0
2019-10-08,7.3500000000,7.2300000000,7.2200000000,7.4000000000,0.000000,1748343,0
2019-10-09,7.5200000000,7.3500000000,7.2700000000,7.5800000000,2.312900,3156648,0
2019-10-10,7.7800000000,7.5500000000,7.5000000000,7.8000000000,3.457400,4459187,0
2019-10-11,7.9300000000,7.7000000000,7.6800000000,8.0800000000,1.928000,4960510,0
2019-10-14,7.9200000000,7.8900000000,7.7900000000,8.0500000000,-0.126100,7552997,0
2019-10-15,8.2500000000,7.9500000000,7.8500000000,8.2500000000,4.166700,6954377,0
2019-10-16,8.8000000000,8.1900000000,8.1800000000,8.8200000000,6.666700,12475814,0
2019-10-17,8.5100000000,8.7700000000,8.3400000000,8.9800000000,-3.295500,9315203,0
2019-10-18,8.5000000000,8.6000000000,8.3200000000,8.8800000000,-0.117500,8318543,0
2019-10-21,8.7200000000,8.4900000000,8.3400000000,8.7800000000,2.588200,5929261,0
2019-10-22,9.3500000000,8.6600000000,8.6600000000,9.3500000000,7.224800,12284088,0
2019-10-23,9.0300000000,9.3500000000,8.9400000000,9.6400000000,-3.422500,8468780,0
2019-10-24,9.2900000000,9.0200000000,8.9800000000,9.3000000000,2.879300,5014531,0
2019-10-25,9.7300000000,9.3000000000,9.2600000000,9.7500000000,4.736300,6762725,0
2019-10-28,9.7300000000,9.6100000000,9.5000000000,9.8800000000,0.000000,5832660,0
2019-10-29,9.6200000000,9.8600000000,9.6100000000,9.9200000000,-1.130500,4865956,0
2019-10-30,9.3800000000,9.6600000000,9.3400000000,9.6800000000,-2.494800,8008363,0
2019-10-31,9.4400000000,9.4900000000,9.2900000000,9.5000000000,0.639700,4826640,0
2019-11-01,8.5000000000,9.3700000000,8.5000000000,9.4800000000,-9.957600,10760626,0
2019-11-04,8.6700000000,8.5200000000,8.4700000000,8.8300000000,2.000000,8457433,0
2019-11-05,8.5500000000,8.8700000000,8.0200000000,8.8900000000,-1.384100,10087479,0
2019-11-06,8.8900000000,8.6500000000,8.6500000000,9.2600000000,3.976600,8688192,0
2019-11-07,8.8000000000,8.8900000000,8.6300000000,8.9800000000,-1.012400,4256815,0
2019-11-08,9.1500000000,8.8200000000,8.8000000000,9.2400000000,3.977300,6381918,0
2019-11-11,8.9800000000,9.1500000000,8.9600000000,9.1500000000,-1.857900,3963723,0
2019-11-12,9.0100000000,9.1800000000,8.8800000000,9.3500000000,0.334100,3930302,0
2019-11-13,9.1500000000,9.1500000000,9.0200000000,9.2300000000,1.553800,3462999,0
2019-11-14,9.2200000000,9.0700000000,8.9500000000,9.2600000000,0.765000,4235484,0
2019-11-15,9.1000000000,9.2200000000,9.0500000000,9.2200000000,-1.301500,2429500,0
2019-11-18,9.1500000000,9.2200000000,9.0700000000,9.4500000000,0.549400,7098620,0
2019-11-19,9.3600000000,9.1600000000,9.1600000000,9.3600000000,2.295100,4670580,0
2019-11-20,9.2100000000,9.4000000000,9.1600000000,9.4000000000,-1.602600,3362400,0
2019-11-21,9.1400000000,9.2200000000,9.1000000000,9.3900000000,-0.760000,4401300,0
2019-11-22,9.1800000000,9.1900000000,9.0000000000,9.3000000000,0.437600,5985120,0
2019-11-25,9.3700000000,9.1800000000,9.0700000000,9.3700000000,2.069700,5165403,0
2019-11-26,9.9600000000,9.3000000000,9.2600000000,10.0800000000,6.296700,10076698,0
2019-11-27,9.9700000000,9.9600000000,9.5500000000,10.2800000000,0.100400,7759948,0
2019-11-28,10.0800000000,9.9500000000,9.8000000000,10.1700000000,1.103300,11985860,0
2019-11-29,10.1000000000,10.0000000000,9.9100000000,10.2800000000,0.198400,14612904,0
2019-12-02,9.3000000000,10.0900000000,9.0900000000,10.0900000000,-7.920800,10269292,0
2019-12-03,9.1600000000,8.9000000000,8.6100000000,9.3000000000,-1.505400,7693687,0
2019-12-04,9.4000000000,9.1600000000,8.9500000000,9.4400000000,2.620100,6029666,0
2019-12-05,9.0000000000,9.4500000000,9.0000000000,9.8500000000,-4.255300,30515814,0
2019-12-06,8.1000000000,8.1000000000,8.1000000000,8.1000000000,-10.000000,2416700,0
2019-12-09,7.2900000000,7.2900000000,7.2900000000,7.8900000000,-10.000000,30908399,0
2019-12-10,7.0700000000,7.1000000000,7.0000000000,7.2500000000,-3.017800,15701996,0
2019-12-11,7.1400000000,7.0200000000,7.0200000000,7.1900000000,0.990100,24735084,0
2019-12-12,6.9100000000,7.0800000000,6.8900000000,7.1100000000,-3.221300,11042781,0
2019-12-13,7.0000000000,6.9000000000,6.8600000000,7.1700000000,1.302500,13698843,0
2019-12-16,6.9100000000,6.9700000000,6.8200000000,7.0400000000,-1.285700,8609269,0
2019-12-17,6.9800000000,6.8900000000,6.8400000000,7.2000000000,1.013000,14221119,0
2019-12-18,6.9900000000,6.9700000000,6.9200000000,7.0600000000,0.143300,9881120,0
2019-12-19,7.0000000000,7.0300000000,6.9200000000,7.0500000000,0.143100,12207918,0
2019-12-20,7.1500000000,7.2000000000,7.0600000000,7.4400000000,2.142900,26503608,0
2019-12-23,7.1400000000,6.9900000000,6.9400000000,7.2000000000,-0.139900,23635500,0
2019-12-24,7.0500000000,7.0900000000,7.0000000000,7.2000000000,-1.260500,16735564,0
2019-12-25,6.9500000000,7.1400000000,6.9400000000,7.1500000000,-1.418400,10856700,0
2019-12-26,6.9600000000,6.9500000000,6.8100000000,7.0000000000,0.143900,11653278,0
2019-12-27,7.0000000000,6.9400000000,6.8200000000,7.0800000000,0.574700,13629217,0
2019-12-30,6.9700000000,6.9700000000,6.8800000000,6.9900000000,-0.428600,9921700,0
2019-12-31,7.0400000000,7.0300000000,6.9500000000,7.2300000000,1.004300,12066200,0
