date,close,open,low,high,pctChg,volume,isST
2019-01-02,2.9000000000,2.9100000000,2.8700000000,2.9200000000,-0.343642,3185565,0
2019-01-03,2.9100000000,2.9000000000,2.8800000000,2.9400000000,0.344827,4427750,0
2019-01-04,2.9800000000,2.9000000000,2.8700000000,2.9800000000,2.405496,5237888,0
2019-01-07,3.0200000000,3.0500000000,2.9800000000,3.0600000000,1.342281,5485780,0
2019-01-08,3.0700000000,3.0000000000,2.9900000000,3.1200000000,1.655628,6366010,0
2019-01-09,3.0500000000,3.0800000000,3.0300000000,3.1100000000,-0.651465,7525430,0
2019-01-10,3.0400000000,3.0700000000,3.0100000000,3.0900000000,-0.327869,5383132,0
2019-01-11,3.1000000000,3.0300000000,3.0100000000,3.1000000000,1.973682,7406983,0
2019-01-14,3.1000000000,3.1000000000,3.0600000000,3.1200000000,0.000000,6512909,0
2019-01-15,3.1200000000,3.1000000000,3.0600000000,3.1300000000,0.645161,6121796,0
2019-01-16,3.1000000000,3.1300000000,3.0700000000,3.1400000000,-0.641025,5620376,0
2019-01-17,3.1000000000,3.1100000000,3.0500000000,3.1600000000,0.000000,8542466,0
2019-01-18,3.1000000000,3.0800000000,3.0600000000,3.1300000000,0.000000,4968210,0
2019-01-21,3.1200000000,3.1000000000,3.0800000000,3.1700000000,0.645161,7115744,0
2019-01-22,3.1400000000,3.1200000000,3.0800000000,3.1800000000,0.641033,11232887,0
2019-01-23,3.1400000000,3.1300000000,3.1000000000,3.2500000000,0.000000,27605127,0
2019-01-24,3.0100000000,3.1300000000,2.9500000000,3.1300000000,-4.140131,15888759,0
2019-01-25,2.9400000000,3.0000000000,2.9300000000,3.0200000000,-2.325579,9639022,0
2019-01-28,2.9200000000,2.9800000000,2.9000000000,2.9800000000,-0.680271,3833289,0
2019-01-29,2.8400000000,2.9000000000,2.7700000000,2.9300000000,-2.739732,7210544,0
2019-01-30,2.7700000000,2.8100000000,2.7600000000,2.8400000000,-2.464787,4766822,0
2019-01-31,2.6700000000,2.6800000000,2.6400000000,2.8300000000,-3.610105,9120004,0
2019-02-01,2.7700000000,2.6600000000,2.6600000000,2.7700000000,3.745315,3756430,0
2019-02-11,2.8200000000,2.7700000000,2.7500000000,2.8300000000,1.805053,9566095,0
2019-02-12,2.8600000000,2.8100000000,2.8100000000,2.8700000000,1.418438,7432635,0
2019-02-13,2.9000000000,2.8500000000,2.8400000000,2.9100000000,1.398608,8249392,0
2019-02-14,2.9100000000,2.9100000000,2.8500000000,2.9200000000,0.344827,18071971,0
2019-02-15,3.0000000000,2.8900000000,2.8900000000,3.0100000000,3.092781,24087070,0
2019-02-18,3.0500000000,3.0000000000,2.9800000000,3.0500000000,1.666665,32388763,0
2019-02-19,3.0000000000,3.0200000000,2.9800000000,3.0400000000,-1.639343,17001800,0
2019-02-20,3.0200000000,2.9900000000,2.9700000000,3.0400000000,0.666666,15727089,0
2019-02-21,2.9400000000,3.0200000000,2.9200000000,3.0300000000,-2.649004,18737956,0
2019-02-22,3.0200000000,2.9600000000,2.9300000000,3.0300000000,2.721086,15583791,0
2019-02-25,3.1700000000,3.0600000000,3.0200000000,3.1800000000,4.966890,33732759,0
2019-02-26,3.1600000000,3.2000000000,3.1100000000,3.2600000000,-0.315457,35572691,0
2019-02-27,3.2500000000,3.1600000000,3.1400000000,3.3500000000,2.848099,52149851,0
2019-02-28,3.5800000000,3.2700000000,3.2000000000,3.5800000000,10.153840,65513987,0
2019-03-01,3.4800000000,3.6000000000,3.4100000000,3.6000000000,-2.793293,65762602,0
2019-03-04,3.5200000000,3.4800000000,3.4200000000,3.6300000000,1.149424,65977530,0
2019-03-05,3.7800000000,3.5200000000,3.4700000000,3.8700000000,7.386364,96609066,0
2019-03-06,3.8100000000,3.7000000000,3.6800000000,3.8500000000,0.793650,69663627,0
2019-03-07,3.7700000000,3.7600000000,3.6900000000,3.8100000000,-1.049868,60160956,0
2019-03-08,3.4100000000,3.7000000000,3.4000000000,3.7000000000,-9.549068,46862876,0
2019-03-11,3.5500000000,3.4300000000,3.4000000000,3.5700000000,4.105568,31706419,0
2019-03-12,3.7000000000,3.5700000000,3.5100000000,3.8600000000,4.225355,52787454,0
2019-03-13,3.7400000000,3.6800000000,3.6100000000,3.8400000000,1.081080,52447374,0
2019-03-14,3.9300000000,3.7100000000,3.6200000000,3.9500000000,5.080215,78723238,0
2019-03-15,4.0200000000,3.8800000000,3.8600000000,4.2500000000,2.290074,80190977,0
2019-03-18,3.9800000000,4.0000000000,3.7900000000,4.0000000000,-0.995024,54455058,0
2019-03-19,3.9000000000,3.9300000000,3.8400000000,3.9600000000,-2.010048,28489187,0
2019-03-20,3.8800000000,3.8500000000,3.7800000000,3.8900000000,-0.512820,29049120,0
2019-03-21,3.8900000000,3.8900000000,3.8500000000,4.0000000000,0.257732,31782719,0
2019-03-22,3.8100000000,3.8900000000,3.7400000000,3.8900000000,-2.056559,25451005,0
2019-03-25,3.7800000000,3.7200000000,3.6900000000,3.8200000000,-0.787401,17888928,0
2019-03-26,3.5900000000,3.7900000000,3.5600000000,3.8100000000,-5.026457,22225653,0
2019-03-27,3.5900000000,3.6000000000,3.5400000000,3.6300000000,0.000000,17555134,0
2019-03-28,3.5000000000,3.5800000000,3.4800000000,3.5800000000,-2.506962,18431644,0
2019-03-29,3.5700000000,3.5300000000,3.4100000000,3.5800000000,1.999998,21479270,0
2019-04-01,3.6700000000,3.5800000000,3.5700000000,3.7000000000,2.801125,21315132,0
2019-04-02,3.7000000000,3.7100000000,3.6800000000,3.7700000000,0.817438,22715633,0
2019-04-03,3.7300000000,3.7500000000,3.6500000000,3.7500000000,0.810810,18129000,0
2019-04-04,3.7500000000,3.7400000000,3.7300000000,3.8700000000,0.536192,31613922,0
2019-04-08,3.6300000000,3.6800000000,3.5400000000,3.7600000000,-3.199997,33242443,0
2019-04-09,3.6500000000,3.6300000000,3.5300000000,3.6600000000,0.550964,20115981,0
2019-04-10,3.7700000000,3.6300000000,3.5800000000,3.8300000000,3.287668,40396679,0
2019-04-11,3.8400000000,3.7300000000,3.7300000000,3.9500000000,1.856762,45635179,0
2019-04-12,3.7700000000,3.8200000000,3.6900000000,3.8700000000,-1.822915,25826714,0
2019-04-15,3.8500000000,3.8200000000,3.7600000000,3.8600000000,2.122014,23240115,0
2019-04-16,4.0600000000,3.8300000000,3.7700000000,4.1500000000,5.454546,59327386,0
2019-04-17,4.0200000000,4.0100000000,3.9600000000,4.0800000000,-0.985221,34831907,0
2019-04-18,3.9900000000,4.0000000000,3.9700000000,4.1900000000,-0.746268,36721261,0
2019-04-19,3.9800000000,3.9400000000,3.8500000000,3.9900000000,-0.250626,28353730,0
2019-04-22,3.8600000000,3.8900000000,3.8100000000,3.9400000000,-3.015078,23633648,0
2019-04-23,3.6800000000,3.8300000000,3.6800000000,3.8600000000,-4.663208,21506130,0
2019-04-24,3.7200000000,3.6800000000,3.6200000000,3.7500000000,1.086955,11390873,0
2019-04-25,3.5000000000,3.7200000000,3.4700000000,3.7200000000,-5.913979,18086709,0
2019-04-26,3.5000000000,3.4600000000,3.4500000000,3.5700000000,0.000000,11027526,0
2019-04-29,3.2100000000,3.4600000000,3.1500000000,3.4900000000,-8.285713,20051038,0
2019-04-30,3.2600000000,3.2000000000,3.1800000000,3.3000000000,1.557631,8694402,0
2019-05-06,3.0300000000,3.1800000000,2.9600000000,3.1800000000,-7.055215,17002307,0
2019-05-07,3.0800000000,3.0700000000,3.0500000000,3.1300000000,1.650164,8437118,0
2019-05-08,3.1500000000,3.0400000000,3.0000000000,3.2800000000,2.272733,11308438,0
2019-05-09,3.1200000000,3.1000000000,3.0900000000,3.1600000000,-0.952388,8465014,0
2019-05-10,3.1800000000,3.1400000000,3.0800000000,3.2400000000,1.923083,11797059,0
2019-05-13,3.0000000000,3.0500000000,2.9800000000,3.0900000000,-5.660379,21551070,0
2019-05-14,2.9500000000,2.9600000000,2.9400000000,3.0100000000,-1.666665,8562497,0
2019-05-15,3.0200000000,2.9900000000,2.9700000000,3.0400000000,2.372879,10460562,0
2019-05-16,3.0500000000,3.0300000000,3.0200000000,3.0800000000,0.993376,9334937,0
2019-05-17,2.8900000000,3.0500000000,2.8800000000,3.0700000000,-5.245897,13501501,0
2019-05-20,2.8600000000,2.8900000000,2.6900000000,2.9100000000,-1.038069,12485721,0
2019-05-21,2.9000000000,2.8800000000,2.8200000000,2.9100000000,1.398608,7064126,0
2019-05-22,2.7700000000,2.8700000000,2.7700000000,2.9000000000,-4.482762,11542055,0
2019-05-23,2.7700000000,2.7400000000,2.7300000000,2.8400000000,0.000000,9807171,0
2019-05-24,2.7600000000,2.7700000000,2.7500000000,2.8300000000,-0.361011,6955870,0
2019-05-27,2.7600000000,2.7400000000,2.6500000000,2.7800000000,0.000000,17792250,0
2019-05-28,2.7400000000,2.7400000000,2.7200000000,2.8000000000,-0.724637,10407582,0
2019-05-29,2.7300000000,2.7300000000,2.7200000000,2.7600000000,-0.364963,8498711,0
2019-05-30,2.7000000000,2.7400000000,2.6500000000,2.7500000000,-1.098900,10747091,0
2019-05-31,2.7000000000,2.6900000000,2.6800000000,2.7400000000,0.000000,7845960,0
2019-06-03,2.5000000000,2.7100000000,2.4600000000,2.7100000000,-7.407409,23584346,0
2019-06-04,2.4500000000,2.5300000000,2.4300000000,2.5400000000,-1.999998,11978141,0
2019-06-05,2.2100000000,2.4800000000,2.2100000000,2.4800000000,-9.795918,48549361,0
2019-06-06,2.2300000000,2.1300000000,2.1300000000,2.2700000000,0.904976,28638264,0
2019-06-10,2.2500000000,2.2300000000,2.2300000000,2.3100000000,0.896860,17350225,0
2019-06-11,2.3700000000,2.2500000000,2.2400000000,2.4200000000,5.333328,20080025,0
2019-06-12,2.3100000000,2.3900000000,2.3100000000,2.4000000000,-2.531643,12852771,0
2019-06-13,2.5400000000,2.3200000000,2.3200000000,2.5400000000,9.956711,33743147,0
2019-06-14,2.3300000000,2.5100000000,2.3000000000,2.5300000000,-8.267717,35179156,0
2019-06-17,2.3800000000,2.3400000000,2.3000000000,2.5600000000,2.145931,26432957,0
2019-06-18,2.4000000000,2.3400000000,2.3300000000,2.4700000000,0.840335,21795420,0
2019-06-19,2.4200000000,2.4800000000,2.4100000000,2.5000000000,0.833333,18692084,0
2019-06-20,2.4500000000,2.4100000000,2.4000000000,2.5200000000,1.239668,18875395,0
2019-06-21,2.5500000000,2.4900000000,2.4700000000,2.5800000000,4.081629,27352790,0
2019-06-24,2.5100000000,2.6400000000,2.4900000000,2.6700000000,-1.568626,23727661,0
2019-06-25,2.5300000000,2.5700000000,2.4800000000,2.5800000000,0.796812,20431364,0
2019-06-26,2.5400000000,2.5400000000,2.4800000000,2.6000000000,0.395257,17265295,0
2019-06-27,2.4900000000,2.5200000000,2.4700000000,2.5500000000,-1.968502,18970719,0
2019-06-28,2.4300000000,2.5000000000,2.4100000000,2.5100000000,-2.409636,11859934,0
2019-07-01,2.4600000000,2.4800000000,2.4400000000,2.5000000000,1.234567,14438632,0
2019-07-02,2.4300000000,2.4900000000,2.4200000000,2.4900000000,-1.219511,10751800,0
2019-07-03,2.3700000000,2.4500000000,2.3400000000,2.4500000000,-2.469143,12498880,0
2019-07-04,2.3500000000,2.3800000000,2.3300000000,2.3900000000,-0.843881,9854250,0
2019-07-05,2.3200000000,2.3100000000,2.2400000000,2.3400000000,-1.276595,16140856,0
2019-07-08,2.2000000000,2.3100000000,2.1900000000,2.3200000000,-5.172409,16791362,0
2019-07-09,2.2400000000,2.2000000000,2.1800000000,2.2500000000,1.818180,9288131,0
2019-07-10,2.2300000000,2.2500000000,2.2200000000,2.2700000000,-0.446428,7548300,0
2019-07-11,2.2200000000,2.2400000000,2.2100000000,2.2600000000,-0.448430,6762583,0
2019-07-12,2.2400000000,2.2200000000,2.1900000000,2.2400000000,0.900900,5350136,0
2019-07-15,2.2400000000,2.2400000000,2.1800000000,2.2600000000,0.000000,9845886,0
2019-07-16,2.2400000000,2.2200000000,2.2200000000,2.2600000000,0.000000,7707618,0
2019-07-17,2.2200000000,2.2400000000,2.2000000000,2.2400000000,-0.892856,8644750,0
2019-07-18,2.1500000000,2.2100000000,2.1300000000,2.2100000000,-3.153150,12205594,0
2019-07-19,2.1600000000,2.1400000000,2.1400000000,2.1900000000,0.465116,7201299,0
2019-07-22,2.0500000000,2.1600000000,2.0200000000,2.1800000000,-5.092598,11804266,0
2019-07-23,2.1100000000,2.0600000000,2.0400000000,2.1200000000,2.926826,8912160,0
2019-07-24,2.3200000000,2.1200000000,2.1100000000,2.3200000000,9.952609,28974106,0
2019-07-25,2.3400000000,2.3400000000,2.3300000000,2.5400000000,0.862068,55066145,0
2019-07-26,2.2900000000,2.3100000000,2.2700000000,2.3700000000,-2.136800,24077334,0
2019-07-29,2.2200000000,2.3100000000,2.2000000000,2.3200000000,-3.056766,23040224,0
2019-07-30,2.4400000000,2.2600000000,2.2500000000,2.4400000000,9.909900,16944903,0
2019-07-31,2.6800000000,2.4900000000,2.4400000000,2.6800000000,9.836100,68456711,0
2019-08-01,2.9500000000,2.9500000000,2.9500000000,2.9500000000,10.074600,14526512,0
2019-08-02,2.9800000000,3.1000000000,2.8000000000,3.1800000000,1.016900,142589669,0
2019-08-05,2.6800000000,2.9100000000,2.6800000000,2.9500000000,-10.067100,81422259,0
2019-08-06,2.5500000000,2.5000000000,2.4100000000,2.6300000000,-4.850800,70173934,0
2019-08-07,2.4400000000,2.4800000000,2.3800000000,2.5700000000,-4.313700,45525494,0
2019-08-08,2.5300000000,2.4200000000,2.4100000000,2.6500000000,3.688500,47815732,0
2019-08-09,2.4100000000,2.5100000000,2.4000000000,2.5400000000,-4.743100,35808987,0
2019-08-12,2.3600000000,2.4100000000,2.2600000000,2.4100000000,-2.074700,31145371,0
2019-08-13,2.2900000000,2.3700000000,2.2600000000,2.3700000000,-2.966100,25635281,0
2019-08-14,2.2700000000,2.3200000000,2.2700000000,2.3400000000,-0.873400,22695828,0
2019-08-15,2.2900000000,2.1500000000,2.1200000000,2.2900000000,0.881100,26207785,0
2019-08-16,2.2600000000,2.2800000000,2.2500000000,2.3300000000,-1.310000,17743880,0
2019-08-19,2.3100000000,2.2400000000,2.2400000000,2.3100000000,2.212400,21599930,0
2019-08-20,2.3000000000,2.3000000000,2.2700000000,2.3300000000,-0.432900,21606518,0
2019-08-21,2.5300000000,2.3000000000,2.2500000000,2.5300000000,10.000000,27165635,0
2019-08-22,2.7800000000,2.7800000000,2.7000000000,2.7800000000,9.881400,34853679,0
2019-08-23,3.0600000000,2.9300000000,2.8700000000,3.0600000000,10.071900,118454584,0
2019-08-26,2.9500000000,2.9600000000,2.9000000000,3.2700000000,-3.594800,120971381,0
2019-08-27,3.0400000000,2.8900000000,2.7800000000,3.1500000000,3.050800,99071377,0
2019-08-28,2.8500000000,2.9800000000,2.8100000000,3.0600000000,-6.250000,69150482,0
2019-08-29,2.8400000000,2.9100000000,2.8300000000,3.0700000000,-0.350900,65056676,0
2019-08-30,2.5600000000,2.9000000000,2.5600000000,2.9000000000,-9.859200,91621838,0
2019-09-02,2.5600000000,2.5900000000,2.4900000000,2.6000000000,0.000000,47159690,0
2019-09-03,2.5500000000,2.5800000000,2.5000000000,2.6300000000,-0.390600,33611972,0
2019-09-04,2.6400000000,2.5300000000,2.5300000000,2.7600000000,3.529400,55750994,0
2019-09-05,2.6500000000,2.6500000000,2.6000000000,2.7100000000,0.378800,46448990,0
2019-09-06,2.7200000000,2.6300000000,2.6300000000,2.8400000000,2.641500,48813168,0
2019-09-09,2.7600000000,2.7600000000,2.7000000000,2.8300000000,1.470600,35387222,0
2019-09-10,2.7600000000,2.7500000000,2.7100000000,2.7700000000,0.000000,29433607,0
2019-09-11,2.8300000000,2.7900000000,2.7800000000,2.9200000000,2.536200,50446753,0
2019-09-12,2.7600000000,2.8000000000,2.7000000000,2.8200000000,-2.473500,30539028,0
2019-09-16,2.7300000000,2.7700000000,2.7200000000,2.7700000000,-1.087000,20037684,0
2019-09-17,2.6300000000,2.7100000000,2.6100000000,2.7200000000,-3.663000,22372340,0
2019-09-18,2.6500000000,2.6400000000,2.6200000000,2.6700000000,0.760500,13317800,0
2019-09-19,2.6700000000,2.6300000000,2.5900000000,2.6800000000,0.754700,14983933,0
2019-09-20,2.6400000000,2.6600000000,2.6200000000,2.6700000000,-1.123600,11217455,0
2019-09-23,2.5800000000,2.6000000000,2.5500000000,2.6400000000,-2.272700,11477232,0
2019-09-24,2.5900000000,2.5900000000,2.5800000000,2.6400000000,0.387600,10427187,0
2019-09-25,2.5300000000,2.6000000000,2.5100000000,2.6000000000,-2.316600,12539565,0
2019-09-26,2.4100000000,2.5100000000,2.4000000000,2.5400000000,-4.743100,15201512,0
2019-09-27,2.4800000000,2.4000000000,2.3600000000,2.5200000000,2.904600,13024349,0
2019-09-30,2.4500000000,2.4800000000,2.4500000000,2.5000000000,-1.209700,7908365,0
2019-10-08,2.7000000000,2.4500000000,2.4200000000,2.7000000000,10.204100,27991713,0
2019-10-09,2.7600000000,2.8000000000,2.7300000000,2.8900000000,2.222200,64515228,0
2019-10-10,2.7400000000,2.7600000000,2.6000000000,2.8500000000,-0.724600,40085180,0
2019-10-11,2.7900000000,2.7200000000,2.6900000000,2.9300000000,1.824800,45154031,0
2019-10-14,2.7700000000,2.7900000000,2.7400000000,2.8800000000,-0.716800,34656020,0
2019-10-15,2.7800000000,2.7200000000,2.6900000000,2.8200000000,0.361000,29043029,0
2019-10-16,2.7000000000,2.8200000000,2.6800000000,2.8200000000,-2.877700,20123990,0
2019-10-17,2.6700000000,2.7400000000,2.6700000000,2.7600000000,-1.111100,15758170,0
2019-10-18,2.6800000000,2.6400000000,2.5600000000,2.7000000000,0.374500,21315579,0
2019-10-21,2.5900000000,2.6600000000,2.5700000000,2.6700000000,-3.358200,15009961,0
2019-10-22,2.6200000000,2.6300000000,2.5800000000,2.6300000000,1.158300,10821631,0
2019-10-23,2.5800000000,2.6300000000,2.5700000000,2.6300000000,-1.526700,12282780,0
2019-10-24,2.5500000000,2.5500000000,2.5400000000,2.5800000000,-1.162800,8672720,0
2019-10-25,2.8100000000,2.5500000000,2.5200000000,2.8100000000,10.196100,21121550,0
2019-10-28,2.8800000000,2.8700000000,2.8100000000,2.9600000000,2.491100,71860760,0
2019-10-29,2.8200000000,2.8700000000,2.7600000000,2.8800000000,-2.083300,33097035,0
2019-10-30,2.7200000000,2.7500000000,2.6800000000,2.7900000000,-3.546100,24679563,0
2019-10-31,2.6600000000,2.7500000000,2.6500000000,2.7500000000,-2.205900,15606360,0
2019-11-01,2.6800000000,2.6800000000,2.6100000000,2.7000000000,0.751900,15603430,0
2019-11-04,2.8300000000,2.6800000000,2.6500000000,2.9500000000,5.597000,61959410,0
2019-11-05,2.8300000000,2.8000000000,2.7300000000,2.8400000000,0.000000,38757909,0
2019-11-06,2.7300000000,2.8000000000,2.7100000000,2.8200000000,-3.533600,26346455,0
2019-11-07,2.8100000000,2.7400000000,2.7200000000,2.8900000000,2.930400,26932250,0
2019-11-08,2.8200000000,2.8500000000,2.7700000000,2.8500000000,0.355900,19588530,0
2019-11-11,2.8700000000,2.8000000000,2.7300000000,2.9400000000,1.773000,36875724,0
2019-11-12,3.0500000000,2.8400000000,2.8000000000,3.1600000000,6.271800,80277041,0
2019-11-13,3.0500000000,3.0000000000,2.9600000000,3.1500000000,0.000000,54393858,0
2019-11-14,2.9700000000,3.0100000000,2.8900000000,3.0300000000,-2.622900,37602772,0
2019-11-15,2.8500000000,2.9300000000,2.8500000000,2.9700000000,-4.040400,26369560,0
2019-11-18,2.8700000000,2.8100000000,2.7800000000,2.8900000000,0.701800,24337389,0
2019-11-19,2.8900000000,2.8700000000,2.8400000000,2.9400000000,0.696900,21875300,0
2019-11-20,2.9800000000,2.8900000000,2.8500000000,3.0400000000,3.114200,36833560,0
2019-11-21,2.9000000000,2.9400000000,2.8800000000,3.0300000000,-2.684600,25686357,0
2019-11-22,2.8200000000,2.8900000000,2.8100000000,2.9300000000,-2.758600,24116467,0
2019-11-25,2.8800000000,2.8400000000,2.7500000000,2.8800000000,2.127700,21337927,0
2019-11-26,2.8500000000,2.8600000000,2.8300000000,2.8700000000,-1.041700,11416300,0
2019-11-27,2.8400000000,2.8500000000,2.8100000000,2.8700000000,-0.350900,11494735,0
2019-11-28,2.7700000000,2.8200000000,2.7600000000,2.8600000000,-2.464800,16649632,0
2019-11-29,2.6500000000,2.7500000000,2.5600000000,2.7500000000,-4.332100,30537141,0
2019-12-02,2.6000000000,2.5700000000,2.5700000000,2.6500000000,-1.886800,16699651,0
2019-12-03,2.6500000000,2.6300000000,2.6200000000,2.6700000000,1.923100,13382079,0
2019-12-04,2.6500000000,2.6500000000,2.6200000000,2.6700000000,0.000000,8573222,0
2019-12-05,2.6900000000,2.6600000000,2.6500000000,2.7700000000,1.509400,18959742,0
2019-12-06,2.6800000000,2.6800000000,2.6300000000,2.7000000000,-0.371700,13401298,0
2019-12-09,2.6700000000,2.6900000000,2.6500000000,2.6900000000,-0.373100,9597530,0
2019-12-10,2.6800000000,2.6500000000,2.6500000000,2.6900000000,0.374500,11704934,0
2019-12-11,2.6700000000,2.6700000000,2.6500000000,2.6800000000,-0.373100,8567957,0
2019-12-12,2.5800000000,2.6600000000,2.5800000000,2.6700000000,-3.370800,16338783,0
2019-12-13,2.6600000000,2.5700000000,2.5700000000,2.7200000000,3.100800,20416049,0
2019-12-16,2.6700000000,2.6700000000,2.6300000000,2.6700000000,0.375900,14160966,0
2019-12-17,2.7200000000,2.6700000000,2.6300000000,2.8300000000,1.872700,28763239,0
2019-12-18,2.7400000000,2.7100000000,2.6800000000,2.7600000000,0.735300,19318544,0
2019-12-19,2.7500000000,2.7400000000,2.7100000000,2.7600000000,0.365000,14080781,0
2019-12-20,2.6900000000,2.7400000000,2.6800000000,2.7700000000,-2.181800,16306472,0
2019-12-23,2.6200000000,2.6700000000,2.6100000000,2.6900000000,-2.602200,14941532,0
2019-12-24,2.6900000000,2.6200000000,2.6200000000,2.7400000000,2.671800,12951784,0
2019-12-25,2.6700000000,2.6900000000,2.6500000000,2.7300000000,-0.743500,12326764,0
2019-12-26,2.6600000000,2.6700000000,2.6400000000,2.6800000000,-0.374500,9599230,0
2019-12-27,2.6600000000,2.6700000000,2.6500000000,2.7100000000,0.000000,15122110,0
2019-12-30,2.7100000000,2.6400000000,2.5900000000,2.7500000000,1.879700,26393519,0
2019-12-31,2.6700000000,2.6900000000,2.6500000000,2.7100000000,-1.476000,15073490,0
