date,close,open,low,high,pctChg,volume,isST
2019-01-02,2.9055267800,2.9147800500,2.8592604300,2.9240333200,-0.317460,25800468,0
2019-01-03,2.8962735100,2.9055267800,2.8685137000,2.9147800500,-0.318471,17236125,0
2019-01-04,2.9425398600,2.8962735100,2.8777669700,2.9610464000,1.597443,31268806,0
2019-01-07,3.0258192900,2.9702996700,2.9702996700,3.0350725600,2.830186,37385047,0
2019-01-08,3.0998454500,3.0073127500,2.9980594800,3.1368585300,2.446481,42801019,0
2019-01-09,3.1368585300,3.0813389100,3.0813389100,3.2016314200,1.194036,47259282,0
2019-01-10,3.0813389100,3.1276052600,3.0628323700,3.1553650700,-1.769917,38402125,0
2019-01-11,3.0535791000,3.0813389100,3.0443258300,3.1090987200,-0.900900,22180042,0
2019-01-14,3.0720856400,3.0720856400,3.0628323700,3.1183519900,0.606060,20769684,0
2019-01-15,3.0720856400,3.0720856400,3.0535791000,3.0998454500,0.000000,27307141,0
2019-01-16,2.9702996700,3.0905921800,2.9517931300,3.1183519900,-3.313250,57451774,0
2019-01-17,2.9888062100,2.9888062100,2.9702996700,3.0165660200,0.623052,32348989,0
2019-01-18,2.9795529400,2.9888062100,2.9610464000,3.0073127500,-0.309597,23168483,0
2019-01-21,3.0443258300,2.9795529400,2.9795529400,3.0628323700,2.173911,28007308,0
2019-01-22,3.0073127500,3.0350725600,3.0073127500,3.0443258300,-1.215804,15616535,0
2019-01-23,3.0350725600,2.9980594800,2.9888062100,3.0350725600,0.923076,15094176,0
2019-01-24,3.0073127500,3.0350725600,2.9980594800,3.0443258300,-0.914633,21374094,0
2019-01-25,3.0165660200,3.0073127500,2.9980594800,3.0350725600,0.307692,14949646,0
2019-01-28,3.0258192900,3.0720856400,3.0073127500,3.0813389100,0.306748,21357426,0
2019-01-29,3.0165660200,3.0073127500,2.9610464000,3.0350725600,-0.305810,24128468,0
2019-01-30,3.0443258300,3.0073127500,3.0073127500,3.0813389100,0.920245,22160781,0
2019-01-31,2.9610464000,3.0350725600,2.9610464000,3.0535791000,-2.735560,29383830,0
2019-02-01,3.0535791000,2.9795529400,2.9795529400,3.0535791000,3.124997,19327821,0
2019-02-11,3.0998454500,3.0443258300,3.0350725600,3.1183519900,1.515150,26896444,0
2019-02-12,3.1368585300,3.1090987200,3.0998454500,3.1368585300,1.194036,23318544,0
2019-02-13,3.1461118000,3.1276052600,3.1183519900,3.1553650700,0.294985,29393472,0
2019-02-14,3.1368585300,3.1553650700,3.1183519900,3.1738716100,-0.294117,25139200,0
2019-02-15,3.1090987200,3.1276052600,3.1090987200,3.1368585300,-0.884962,22184900,0
2019-02-18,3.1461118000,3.1090987200,3.1090987200,3.1553650700,1.190482,25647466,0
2019-02-19,3.1368585300,3.1553650700,3.1183519900,3.1738716100,-0.294117,34065691,0
2019-02-20,3.1553650700,3.1461118000,3.1276052600,3.1553650700,0.589970,19388123,0
2019-02-21,3.1923781500,3.1461118000,3.1368585300,3.2849108500,1.173019,56853497,0
2019-02-22,3.2108846900,3.1646183400,3.1646183400,3.2293912300,0.579710,23964495,0
2019-02-25,3.3126706600,3.2201379600,3.1923781500,3.3126706600,3.170026,75150838,0
2019-02-26,3.2941641200,3.3126706600,3.2756575800,3.3774435500,-0.558659,65054523,0
2019-02-27,3.2756575800,3.2849108500,3.2571510400,3.3219239300,-0.561797,46619570,0
2019-02-28,3.2386445000,3.2664043100,3.2201379600,3.3034173900,-1.129943,39459507,0
2019-03-01,3.3034173900,3.2571510400,3.2293912300,3.3126706600,1.999998,42749480,0
2019-03-04,3.3219239300,3.3034173900,3.2941641200,3.3589370100,0.560223,66404419,0
2019-03-05,3.3866968200,3.3311772000,3.3126706600,3.3959500900,1.949866,50010992,0
2019-03-06,3.5347491400,3.4052033600,3.3959500900,3.5810154900,4.371581,83426263,0
2019-03-07,3.5440024100,3.5625089500,3.4699762500,3.5902687600,0.261780,79714319,0
2019-03-08,3.3404304700,3.4607229800,3.3311772000,3.5254958700,-5.744126,80924000,0
2019-03-11,3.4052033600,3.3496837400,3.3311772000,3.4329631700,1.939063,52282938,0
2019-03-12,3.4607229800,3.4237099000,3.4237099000,3.5532556800,1.630433,79814017,0
2019-03-13,3.3774435500,3.4422164400,3.3681902800,3.4514697100,-2.406415,51558719,0
2019-03-14,3.3219239300,3.3774435500,3.2941641200,3.3959500900,-1.643841,44639279,0
2019-03-15,3.3496837400,3.3219239300,3.3219239300,3.4052033600,0.835654,31644001,0
2019-03-18,3.4329631700,3.3589370100,3.3404304700,3.4422164400,2.486192,36615916,0
2019-03-19,3.4699762500,3.4422164400,3.4422164400,3.5532556800,1.078166,49123387,0
2019-03-20,3.4884827900,3.4792295200,3.4329631700,3.4884827900,0.533333,35747990,0
2019-03-21,3.5717622200,3.4792295200,3.4699762500,3.6180285700,2.387266,76012224,0
2019-03-22,3.6920547300,3.5717622200,3.5532556800,3.6920547300,3.367879,86960266,0
2019-03-25,3.6272818400,3.6642949200,3.6087753000,3.7845874300,-1.754384,75065720,0
2019-03-26,3.6550416500,3.6642949200,3.6272818400,3.7475743500,0.765305,64096938,0
2019-03-27,3.7290678100,3.6828014600,3.6735481900,3.7660808900,2.025321,53289158,0
2019-03-28,3.7105612700,3.7383210800,3.6735481900,3.7383210800,-0.496277,45722509,0
2019-03-29,3.7938407000,3.7290678100,3.7105612700,3.8123472400,2.244381,67843243,0
2019-04-01,3.9326397500,3.8123472400,3.8123472400,3.9326397500,3.658539,73341149,0
2019-04-02,3.9233864800,3.9418930200,3.8863734000,4.0344257200,-0.235299,65674618,0
2019-04-03,4.1362116900,3.9974126400,3.9696528300,4.1362116900,5.424529,101774193,0
2019-04-04,4.2472509300,4.2009845800,4.1362116900,4.3027705500,2.684572,86409898,0
2019-04-08,4.0344257200,4.2472509300,3.9418930200,4.2842640100,-5.010893,105318225,0
2019-04-09,4.0066659100,4.0714388000,3.9603995600,4.0991986100,-0.688078,51001603,0
2019-04-10,3.8956266700,3.9881593700,3.8493603200,3.9881593700,-2.771360,67769695,0
2019-04-11,3.8863734000,3.8956266700,3.8493603200,3.9511462900,-0.237535,39054386,0
2019-04-12,3.8863734000,3.8678668600,3.8493603200,3.9141332100,0.000000,35336703,0
2019-04-15,3.8123472400,3.9048799400,3.8030939700,3.9511462900,-1.904760,45703071,0
2019-04-16,3.8493603200,3.8123472400,3.7013080000,3.8493603200,0.970873,57040653,0
2019-04-17,3.8771201300,3.8401070500,3.8030939700,3.9141332100,0.721159,41333166,0
2019-04-18,3.8308537800,3.8678668600,3.8123472400,3.8771201300,-1.193322,21203804,0
2019-04-19,3.8030939700,3.8401070500,3.7290678100,3.8401070500,-0.724631,38503678,0
2019-04-22,3.7475743500,3.7938407000,3.7383210800,3.8030939700,-1.459853,28262481,0
2019-04-23,3.7290678100,3.7568276200,3.7105612700,3.7660808900,-0.493827,23369022,0
2019-04-24,3.8216005100,3.7568276200,3.7383210800,3.8216005100,2.481387,36371603,0
2019-04-25,3.7568276200,3.8308537800,3.7383210800,3.8401070500,-1.694919,34172520,0
2019-04-26,3.8771201300,3.7753341600,3.7198145400,3.8863734000,3.201973,62253140,0
2019-04-29,3.8678668600,3.8678668600,3.8308537800,3.9048799400,-0.238669,50173921,0
2019-04-30,3.7845874300,3.8401070500,3.7660808900,3.8678668600,-2.153102,33238553,0
2019-05-06,3.6087753000,3.7105612700,3.5347491400,3.7198145400,-4.645478,58612017,0
2019-05-07,3.6180285700,3.6365351100,3.5810154900,3.6550416500,0.256410,27587647,0
2019-05-08,3.6087753000,3.5717622200,3.4884827900,3.6642949200,-0.255754,26532188,0
2019-05-09,3.4607229800,3.5810154900,3.4237099000,3.6180285700,-4.102566,35763814,0
2019-05-10,3.5810154900,3.4884827900,3.4699762500,3.5995220300,3.475932,29915023,0
2019-05-13,3.5440024100,3.5625089500,3.5347491400,3.5902687600,-1.033591,14729763,0
2019-05-14,3.5069893300,3.5069893300,3.4792295200,3.5532556800,-1.044385,19159995,0
2019-05-15,3.5625089500,3.5254958700,3.5254958700,3.5717622200,1.583112,18362968,0
2019-05-16,3.5902687600,3.5440024100,3.5440024100,3.5995220300,0.779226,15831215,0
2019-05-17,3.5254958700,3.6087753000,3.4977360600,3.6087753000,-1.804128,26903755,0
2019-05-20,3.4884827900,3.5069893300,3.4514697100,3.5254958700,-1.049868,14454658,0
2019-05-21,3.5347491400,3.4792295200,3.4699762500,3.5440024100,1.326259,12323577,0
2019-05-22,3.5069893300,3.5440024100,3.4977360600,3.5440024100,-0.785340,10818784,0
2019-05-23,3.4884827900,3.5069893300,3.4514697100,3.5254958700,-0.527704,10117210,0
2019-05-24,3.4699762500,3.4699762500,3.4607229800,3.5069893300,-0.530504,9522340,0
2019-05-27,3.5069893300,3.4699762500,3.4514697100,3.5162426000,1.066666,11835255,0
2019-05-28,3.5069893300,3.5069893300,3.4884827900,3.5347491400,0.000000,10329340,0
2019-05-29,3.5810154900,3.5069893300,3.4884827900,3.5995220300,2.110816,22959732,0
2019-05-30,3.7290678100,3.5625089500,3.5532556800,3.7568276200,4.134376,36942785,0
2019-05-31,3.7383210800,3.7105612700,3.6828014600,3.7475743500,0.248133,21202975,0
2019-06-03,3.7568276200,3.7290678100,3.7105612700,3.7938407000,0.495049,23011491,0
2019-06-04,3.7013080000,3.7568276200,3.6920547300,3.7845874300,-1.477831,19394045,0
2019-06-05,3.7198145400,3.7383210800,3.7013080000,3.7475743500,0.499999,13246270,0
2019-06-06,3.6920547300,3.7198145400,3.6920547300,3.7290678100,-0.746268,15121387,0
2019-06-10,3.7753341600,3.7105612700,3.7105612700,3.7938407000,2.255637,24602242,0
2019-06-11,3.8401070500,3.7660808900,3.7660808900,3.8586135900,1.715690,29718142,0
2019-06-12,3.8123472400,3.8401070500,3.7845874300,3.8401070500,-0.722897,16963262,0
2019-06-13,3.8030939700,3.8123472400,3.7660808900,3.8123472400,-0.242712,14797704,0
2019-06-14,3.7753341600,3.8030939700,3.7660808900,3.8216005100,-0.729932,13524025,0
2019-06-17,3.7660808900,3.7660808900,3.7568276200,3.8030939700,-0.245092,11143865,0
2019-06-18,3.7383210800,3.7753341600,3.7198145400,3.7845874300,-0.737106,15601396,0
2019-06-19,3.7475743500,3.8030939700,3.7475743500,3.8216005100,0.247530,20187977,0
2019-06-20,3.7568276200,3.7290678100,3.7105612700,3.8123472400,0.246907,34935025,0
2019-06-21,3.7475743500,3.7660808900,3.7290678100,3.7753341600,-0.246299,34052726,0
2019-06-24,3.7753341600,3.7660808900,3.7383210800,3.7753341600,0.740734,22111621,0
2019-06-25,3.7383210800,3.7660808900,3.7105612700,3.7660808900,-0.980391,27884191,0
2019-06-26,3.7660808900,3.7198145400,3.7198145400,3.7753341600,0.742579,16194482,0
2019-06-27,3.8030939700,3.7845874300,3.7660808900,3.8123472400,0.982800,28454979,0
2019-06-28,3.7660808900,3.8123472400,3.7660808900,3.8308537800,-0.973235,16817488,0
2019-07-01,3.8030939700,3.8123472400,3.7660808900,3.8308537800,0.982800,32702346,0
2019-07-02,3.8123472400,3.7938407000,3.7475743500,3.8123472400,0.243303,32592538,0
2019-07-03,3.8863734000,3.8030939700,3.7938407000,3.8863734000,1.941746,45465257,0
2019-07-04,3.9511462900,3.8771201300,3.8678668600,3.9696528300,1.666671,47852046,0
2019-07-05,3.9799164000,4.0566376800,3.8936049600,4.0662278400,0.728160,51066538,0
2019-07-08,3.9031951200,3.9607360800,3.8552443200,3.9703262400,-1.927709,36656300,0
2019-07-09,3.9223754400,3.8936049600,3.8744246400,3.9415557600,0.491400,16919748,0
2019-07-10,4.0182770400,3.9415557600,3.9031951200,4.0662278400,2.444985,40992529,0
2019-07-11,4.0662278400,4.0374573600,4.0086868800,4.1237688000,1.193311,35077360,0
2019-07-12,4.0374573600,4.0854081600,4.0278672000,4.0949983200,-0.707541,21927072,0
2019-07-15,4.1045884800,4.0566376800,4.0278672000,4.1045884800,1.662712,34849636,0
2019-07-16,4.2388507200,4.1237688000,4.1141786400,4.2484408800,3.271025,55898059,0
2019-07-17,4.2292605600,4.2580310400,4.1813097600,4.2676212000,-0.226249,39924197,0
2019-07-18,4.2100802400,4.2196704000,4.1717196000,4.2484408800,-0.453514,26589722,0
2019-07-19,4.3443424800,4.2196704000,4.2196704000,4.3539326400,3.189074,56821684,0
2019-07-22,4.4018834400,4.3251621600,4.2868015200,4.4402440800,1.324502,58100267,0
2019-07-23,4.5169653600,4.3922932800,4.3922932800,4.5361456800,2.614377,57590505,0
2019-07-24,4.4114736000,4.5265555200,4.3922932800,4.5649161600,-2.335459,74639892,0
2019-07-25,4.4210637600,4.4018834400,4.3347523200,4.4210637600,0.217396,77829413,0
2019-07-26,4.5457358400,4.4114736000,4.3827031200,4.5649161600,2.819900,75830140,0
2019-07-29,4.5745063200,4.5457358400,4.5265555200,4.6320472800,0.632916,42459913,0
2019-07-30,4.6224571200,4.5840964800,4.5745063200,4.6704079200,1.048200,40834287,0
2019-07-31,4.5361456800,4.6224571200,4.5265555200,4.6320472800,-1.867200,46269510,0
2019-08-01,4.5361456800,4.5265555200,4.5169653600,4.6032768000,0.000000,41131787,0
2019-08-02,4.5745063200,4.4881948800,4.4114736000,4.5745063200,0.845700,50168819,0
2019-08-05,4.4210637600,4.5649161600,4.4018834400,4.6128669600,-3.354300,55751747,0
2019-08-06,4.3539326400,4.3539326400,4.3155720000,4.4498342400,-1.518400,80030286,0
2019-08-07,4.3155720000,4.4114736000,4.3155720000,4.4210637600,-0.881100,40926243,0
2019-08-08,4.3347523200,4.3251621600,4.2868015200,4.3731129600,0.444400,34262866,0
2019-08-09,4.3731129600,4.3827031200,4.3539326400,4.4498342400,0.885000,33639798,0
2019-08-12,4.3827031200,4.3443424800,4.3347523200,4.4114736000,0.219300,25755509,0
2019-08-13,4.3443424800,4.3635228000,4.3155720000,4.3827031200,-0.875300,19708313,0
2019-08-14,4.3443424800,4.3827031200,4.3347523200,4.3922932800,0.000000,21863365,0
2019-08-15,4.3731129600,4.2963916800,4.2772113600,4.3827031200,0.662200,23213980,0
2019-08-16,4.4210637600,4.3827031200,4.3443424800,4.4402440800,1.096500,31857045,0
2019-08-19,4.6032768000,4.4498342400,4.4306539200,4.6128669600,4.121500,52032324,0
2019-08-20,4.6320472800,4.5936866400,4.5649161600,4.6991784000,0.625000,47106506,0
2019-08-21,4.6224571200,4.6512276000,4.6032768000,4.6895882400,-0.207000,37997365,0
2019-08-22,4.6032768000,4.6512276000,4.5457358400,4.6704079200,-0.414900,35940179,0
2019-08-23,4.5265555200,4.7567193600,4.4690145600,4.7567193600,-1.666700,102125921,0
2019-08-26,4.5745063200,4.4402440800,4.4114736000,4.6320472800,1.059300,81359187,0
2019-08-27,4.6512276000,4.6032768000,4.5745063200,4.6704079200,1.677100,52448661,0
2019-08-28,4.6320472800,4.6704079200,4.5840964800,4.6799980800,-0.412400,34293662,0
2019-08-29,4.5073752000,4.6320472800,4.4690145600,4.6608177600,-2.691500,54918754,0
2019-08-30,4.3731129600,4.5361456800,4.3539326400,4.5361456800,-2.978700,69012374,0
2019-09-02,4.3922932800,4.3922932800,4.3443424800,4.5169653600,0.438600,60662024,0
2019-09-03,4.4594244000,4.4114736000,4.3827031200,4.4690145600,1.528400,41305859,0
2019-09-04,4.3731129600,4.4690145600,4.3443424800,4.4690145600,-1.935500,55753932,0
2019-09-05,4.3635228000,4.4018834400,4.3347523200,4.4114736000,-0.219300,55959121,0
2019-09-06,4.3922932800,4.3635228000,4.3443424800,4.4306539200,0.659300,50218392,0
2019-09-09,4.3635228000,4.4114736000,4.3347523200,4.4210637600,-0.655000,50344670,0
2019-09-10,4.3635228000,4.3635228000,4.3251621600,4.3827031200,0.000000,30865309,0
2019-09-11,4.3347523200,4.3731129600,4.3155720000,4.3827031200,-0.659300,34940308,0
2019-09-12,4.2868015200,4.3251621600,4.2676212000,4.3347523200,-1.106200,37866877,0
2019-09-16,4.3059818400,4.2868015200,4.2388507200,4.3347523200,0.447400,40416197,0
2019-09-17,4.2580310400,4.2963916800,4.2484408800,4.3251621600,-1.113600,35837006,0
2019-09-18,4.2004900800,4.2772113600,4.1908999200,4.2868015200,-1.351400,39560015,0
2019-09-19,4.1717196000,4.2196704000,4.1237688000,4.2292605600,-0.684900,36621873,0
2019-09-20,4.3059818400,4.1717196000,4.1621294400,4.3539326400,3.218400,55483888,0
2019-09-23,4.2868015200,4.3155720000,4.2484408800,4.3443424800,-0.445400,50748363,0
2019-09-24,4.2484408800,4.2868015200,4.2292605600,4.2963916800,-0.894900,37986365,0
2019-09-25,4.2196704000,4.2580310400,4.2196704000,4.2772113600,-0.677200,26919241,0
2019-09-26,4.1813097600,4.2484408800,4.1333589600,4.2484408800,-0.909100,31502452,0
2019-09-27,4.0758180000,4.1908999200,4.0662278400,4.1908999200,-2.522900,35300318,0
2019-09-30,4.0662278400,4.0662278400,4.0566376800,4.1333589600,-0.235300,19446985,0
2019-10-08,4.0949983200,4.0662278400,4.0566376800,4.1141786400,0.707600,16296579,0
2019-10-09,4.2196704000,4.0854081600,4.0470475200,4.2292605600,3.044500,36813481,0
2019-10-10,4.3251621600,4.2100802400,4.2100802400,4.3539326400,2.500000,43184754,0
2019-10-11,4.3155720000,4.3059818400,4.2868015200,4.3539326400,-0.221700,25013111,0
2019-10-14,4.2580310400,4.3155720000,4.2388507200,4.3443424800,-1.333300,42431839,0
2019-10-15,4.2484408800,4.2580310400,4.2292605600,4.2772113600,-0.225200,21152114,0
2019-10-16,4.2676212000,4.2484408800,4.2196704000,4.2772113600,0.451500,20797357,0
2019-10-17,4.2292605600,4.2484408800,4.2100802400,4.2676212000,-0.898900,17318841,0
2019-10-18,4.1045884800,4.2388507200,4.0758180000,4.2484408800,-2.947800,38012126,0
2019-10-21,4.0949983200,4.1045884800,4.0662278400,4.1429491200,-0.233700,22963401,0
2019-10-22,4.2292605600,4.1237688000,4.1141786400,4.2388507200,3.278700,29113383,0
2019-10-23,4.1717196000,4.2292605600,4.1333589600,4.2676212000,-1.360500,28028363,0
2019-10-24,4.1621294400,4.1621294400,4.1333589600,4.1908999200,-0.229900,18774505,0
2019-10-25,4.2196704000,4.1525392800,4.1429491200,4.2388507200,1.382500,18734141,0
2019-10-28,4.2388507200,4.2100802400,4.2004900800,4.2484408800,0.454500,18238772,0
2019-10-29,4.2963916800,4.3443424800,4.2676212000,4.3922932800,1.357500,47269655,0
2019-10-30,4.3539326400,4.2963916800,4.2772113600,4.3539326400,1.339300,35453693,0
2019-10-31,4.2772113600,4.3827031200,4.2772113600,4.3827031200,-1.762100,31170807,0
2019-11-01,4.3635228000,4.2676212000,4.2292605600,4.4402440800,2.017900,53636971,0
2019-11-04,4.3539326400,4.3731129600,4.3251621600,4.3827031200,-0.219800,37255890,0
2019-11-05,4.3251621600,4.3635228000,4.2772113600,4.3635228000,-0.660800,36713361,0
2019-11-06,4.3059818400,4.3251621600,4.2868015200,4.3347523200,-0.443500,23058846,0
2019-11-07,4.2676212000,4.2963916800,4.2580310400,4.3251621600,-0.890900,24665600,0
2019-11-08,4.2868015200,4.2676212000,4.2676212000,4.3059818400,0.449400,20783890,0
2019-11-11,4.1621294400,4.2772113600,4.1621294400,4.2963916800,-2.908300,31258599,0
2019-11-12,4.1908999200,4.1717196000,4.1429491200,4.2100802400,0.691200,15704733,0
2019-11-13,4.1908999200,4.1908999200,4.1525392800,4.2100802400,0.000000,20024321,0
2019-11-14,4.1621294400,4.1813097600,4.1429491200,4.2004900800,-0.686500,19469584,0
2019-11-15,4.1141786400,4.1621294400,4.1045884800,4.1813097600,-1.152100,17258114,0
2019-11-18,4.0949983200,4.1045884800,4.0758180000,4.1141786400,-0.466200,19477366,0
2019-11-19,4.1045884800,4.0949983200,4.0662278400,4.1237688000,0.234200,25645831,0
2019-11-20,4.0662278400,4.0949983200,4.0470475200,4.0949983200,-0.934600,18197255,0
2019-11-21,4.0278672000,4.0374573600,3.9799164000,4.0374573600,-0.943400,26654795,0
2019-11-22,4.0182770400,4.0278672000,3.9990967200,4.0662278400,-0.238100,18481412,0
2019-11-25,4.0662278400,4.0182770400,3.9990967200,4.0662278400,1.193300,20572045,0
2019-11-26,4.0758180000,4.0662278400,4.0566376800,4.1045884800,0.235900,19931177,0
2019-11-27,4.0758180000,4.0758180000,4.0566376800,4.0949983200,0.000000,13236993,0
2019-11-28,4.0374573600,4.0758180000,4.0086868800,4.0758180000,-0.941200,13172329,0
2019-11-29,4.0086868800,4.0278672000,3.9799164000,4.0374573600,-0.712600,15189563,0
2019-12-02,4.0949983200,4.0086868800,3.9990967200,4.1045884800,2.153100,30488713,0
2019-12-03,4.1717196000,4.1045884800,4.0758180000,4.1717196000,1.873500,31182674,0
2019-12-04,4.1717196000,4.1525392800,4.1525392800,4.2196704000,0.000000,24324272,0
2019-12-05,4.1813097600,4.1717196000,4.1621294400,4.2196704000,0.229900,19408191,0
2019-12-06,4.1621294400,4.1908999200,4.1333589600,4.2100802400,-0.458700,19076650,0
2019-12-09,4.1525392800,4.1717196000,4.1141786400,4.1813097600,-0.230400,23182948,0
2019-12-10,4.1429491200,4.1333589600,4.1237688000,4.1717196000,-0.230900,20494963,0
2019-12-11,4.1237688000,4.1621294400,4.0854081600,4.1621294400,-0.463000,25601862,0
2019-12-12,4.0949983200,4.1237688000,4.0854081600,4.1429491200,-0.697700,21470288,0
2019-12-13,4.1141786400,4.1141786400,4.0854081600,4.1333589600,0.468400,51096035,0
2019-12-16,4.2004900800,4.1141786400,4.1045884800,4.2100802400,2.097900,42417977,0
2019-12-17,4.2004900800,4.1908999200,4.1621294400,4.2196704000,0.000000,33997051,0
2019-12-18,4.1525392800,4.2100802400,4.1333589600,4.2100802400,-1.141600,30819682,0
2019-12-19,4.1525392800,4.1333589600,4.1237688000,4.1621294400,0.000000,27978540,0
2019-12-20,4.0854081600,4.1525392800,4.0758180000,4.1525392800,-1.616600,39678069,0
2019-12-23,4.0374573600,4.0854081600,4.0374573600,4.0949983200,-1.173700,28718302,0
2019-12-24,4.0374573600,4.0470475200,4.0182770400,4.0566376800,0.000000,27174693,0
2019-12-25,4.0278672000,4.0278672000,4.0086868800,4.0470475200,-0.237500,18555012,0
2019-12-26,4.0566376800,4.0278672000,4.0182770400,4.0566376800,0.714300,21920462,0
2019-12-27,4.0566376800,4.0566376800,4.0470475200,4.0758180000,0.000000,29536406,0
2019-12-30,4.0662278400,4.0566376800,3.9895065600,4.0662278400,0.236400,29915655,0
2019-12-31,4.0470475200,4.0662278400,4.0374573600,4.0949983200,-0.471700,32635658,0
