date,close,open,low,high,pctChg,volume,isST
2019-01-02,3.8598015700,3.9868151500,3.8456889500,3.9868151500,-2.669041,6361829,0
2019-01-03,3.8104074000,3.8668578800,3.7892384700,3.8739141900,-1.279702,5804500,0
2019-01-04,3.7821821600,3.8104074000,3.7610132300,3.8245200200,-0.740740,7076014,0
2019-01-07,3.8104074000,3.7821821600,3.7680695400,3.8104074000,0.746268,4767119,0
2019-01-08,3.8527452600,3.8104074000,3.7751258500,3.8739141900,1.111110,5136000,0
2019-01-09,3.8174637100,3.8386326400,3.8033510900,3.8809705000,-0.915754,5539996,0
2019-01-10,3.8386326400,3.8033510900,3.7962947800,3.8739141900,0.554532,4326091,0
2019-01-11,3.8668578800,3.8174637100,3.8104074000,3.8809705000,0.735293,3858647,0
2019-01-14,3.8033510900,3.8456889500,3.8033510900,3.8598015700,-1.642339,3162513,0
2019-01-15,3.8386326400,3.7962947800,3.7539569200,3.8456889500,0.927647,6063989,0
2019-01-16,3.8880268100,3.8386326400,3.8174637100,3.9374209800,1.286768,4517560,0
2019-01-17,3.9162520500,3.8809705000,3.8739141900,3.9303646700,0.725952,4824562,0
2019-01-18,3.9374209800,3.9162520500,3.8809705000,3.9374209800,0.540536,4752728,0
2019-01-21,3.9444772900,3.9374209800,3.9162520500,3.9797588400,0.179216,3992131,0
2019-01-22,3.9797588400,3.9444772900,3.9444772900,3.9938714600,0.894449,6584633,0
2019-01-23,4.0291530100,3.9797588400,3.9303646700,4.0291530100,1.241138,4887283,0
2019-01-24,4.0785471800,4.0150403900,4.0009277700,4.0785471800,1.225922,5831092,0
2019-01-25,4.0714908700,4.0785471800,4.0432656300,4.1279413500,-0.173014,11323770,0
2019-01-28,4.0997161100,4.0926598000,4.0856034900,4.1420539700,0.693240,9904551,0
2019-01-29,4.0926598000,4.1138287300,4.0573782500,4.1632229000,-0.172113,10648016,0
2019-01-30,4.0220967000,4.1067724200,3.9938714600,4.1561665900,-1.724144,11299792,0
2019-01-31,3.9727025300,4.0503219400,3.9444772900,4.0714908700,-1.228065,9148860,0
2019-02-01,3.9656462200,4.0150403900,3.9374209800,4.0573782500,-0.177624,8948635,0
2019-02-11,4.0644345600,3.9727025300,3.9515336000,4.0785471800,2.491109,7210193,0
2019-02-12,4.0644345600,4.0432656300,4.0291530100,4.0926598000,0.000000,7364789,0
2019-02-13,4.1138287300,4.0503219400,4.0220967000,4.1349976600,1.215272,7975269,0
2019-02-14,4.0714908700,4.1138287300,4.0573782500,4.1138287300,-1.029159,5896978,0
2019-02-15,4.0503219400,4.0644345600,4.0362093200,4.0997161100,-0.519934,4647338,0
2019-02-18,4.0714908700,4.0432656300,4.0432656300,4.0926598000,0.522652,7778315,0
2019-02-19,4.0573782500,4.1632229000,4.0220967000,4.1702792100,-0.346620,15524132,0
2019-02-20,4.0644345600,4.0573782500,4.0362093200,4.1067724200,0.173917,5452628,0
2019-02-21,4.0573782500,4.0644345600,4.0220967000,4.0997161100,-0.173615,7272391,0
2019-02-22,4.0503219400,4.0573782500,4.0291530100,4.0644345600,-0.173917,8709699,0
2019-02-25,4.1561665900,4.0573782500,4.0220967000,4.1561665900,2.613242,25681634,0
2019-02-26,4.1702792100,4.1420539700,4.0997161100,4.2337860000,0.339558,17273666,0
2019-02-27,4.1632229000,4.1773355200,4.1420539700,4.2055607600,-0.169201,8379851,0
2019-02-28,4.1279413500,4.1491102800,4.0997161100,4.1843918300,-0.847461,8296812,0
2019-03-01,4.1420539700,4.1491102800,4.0926598000,4.1561665900,0.341880,6711876,0
2019-03-04,4.1420539700,4.1491102800,4.1138287300,4.2055607600,0.000000,17008342,0
2019-03-05,4.1632229000,4.1420539700,4.1208850400,4.1702792100,0.511077,9612439,0
2019-03-06,4.1914481400,4.1702792100,4.1420539700,4.2055607600,0.677965,20202264,0
2019-03-07,4.1843918300,4.1773355200,4.1702792100,4.2549549300,-0.168354,20382897,0
2019-03-08,3.9868151500,4.1420539700,3.9868151500,4.1420539700,-4.721750,21593359,0
2019-03-11,4.0291530100,4.0150403900,3.9727025300,4.0291530100,1.061946,16064478,0
2019-03-12,4.0785471800,4.0291530100,4.0291530100,4.1279413500,1.225922,20540953,0
2019-03-13,4.0503219400,4.0714908700,4.0432656300,4.0785471800,-0.692049,8753314,0
2019-03-14,4.0009277700,4.0573782500,4.0009277700,4.0573782500,-1.219507,7542352,0
2019-03-15,4.0220967000,3.9938714600,3.9938714600,4.0503219400,0.529096,8574093,0
2019-03-18,4.0997161100,4.0220967000,4.0079840800,4.1067724200,1.929827,8591597,0
2019-03-19,4.1420539700,4.1138287300,4.0856034900,4.1632229000,1.032701,11696914,0
2019-03-20,4.1561665900,4.1420539700,4.0997161100,4.1632229000,0.340715,8717144,0
2019-03-21,4.1632229000,4.1561665900,4.1349976600,4.1702792100,0.169783,7468452,0
2019-03-22,4.1985044500,4.1632229000,4.1420539700,4.1985044500,0.847453,7251820,0
2019-03-25,4.1420539700,4.1773355200,4.1349976600,4.1914481400,-1.344537,6360677,0
2019-03-26,4.0644345600,4.1491102800,4.0573782500,4.1561665900,-1.873929,8885019,0
2019-03-27,4.0785471800,4.0644345600,4.0503219400,4.0926598000,0.347222,3935586,0
2019-03-28,4.0503219400,4.0714908700,4.0432656300,4.0785471800,-0.692049,3314336,0
2019-03-29,4.1208850400,4.0644345600,4.0291530100,4.1279413500,1.742167,6314514,0
2019-04-01,4.2196733800,4.1208850400,4.1138287300,4.2196733800,2.397258,10829060,0
2019-04-02,4.1773355200,4.2267296900,4.1632229000,4.2549549300,-1.003343,8387016,0
2019-04-03,4.2478986200,4.1773355200,4.1632229000,4.2478986200,1.689188,8885999,0
2019-04-04,4.2267296900,4.2549549300,4.2126170700,4.2690675500,-0.498342,7198080,0
2019-04-08,4.1985044500,4.2620112400,4.1773355200,4.2620112400,-0.667779,9125649,0
2019-04-09,4.2196733800,4.2055607600,4.1843918300,4.2337860000,0.504205,5416321,0
2019-04-10,4.1773355200,4.2055607600,4.1632229000,4.2126170700,-1.003343,8063096,0
2019-04-11,4.2267296900,4.1914481400,4.1843918300,4.2478986200,1.182427,9460323,0
2019-04-12,4.2902364800,4.2126170700,4.1914481400,4.3255180300,1.502507,16109375,0
2019-04-15,4.2478986200,4.3184617200,4.2337860000,4.3184617200,-0.986841,9932355,0
2019-04-16,4.2267296900,4.2196733800,4.1632229000,4.2408423100,-0.498342,8913247,0
2019-04-17,4.2408423100,4.2267296900,4.1985044500,4.2408423100,0.333898,6206120,0
2019-04-18,4.1914481400,4.2126170700,4.1843918300,4.2267296900,-1.164728,5513204,0
2019-04-19,4.1843918300,4.1914481400,4.1561665900,4.2055607600,-0.168354,6936040,0
2019-04-22,4.1561665900,4.1914481400,4.1420539700,4.1985044500,-0.674536,10235776,0
2019-04-23,4.1279413500,4.1561665900,4.1208850400,4.1632229000,-0.679117,4971820,0
2019-04-24,4.1279413500,4.1420539700,4.0997161100,4.1420539700,0.000000,4934960,0
2019-04-25,4.0926598000,4.1138287300,4.0856034900,4.1349976600,-0.854696,7031834,0
2019-04-26,4.0573782500,4.0856034900,4.0432656300,4.0997161100,-0.862072,7076732,0
2019-04-29,4.0785471800,4.0856034900,4.0432656300,4.1279413500,0.521743,6688832,0
2019-04-30,4.1773355200,4.0785471800,4.0573782500,4.1843918300,2.422143,7855146,0
2019-05-06,4.0714908700,4.1491102800,4.0573782500,4.1702792100,-2.533785,10209377,0
2019-05-07,4.1349976600,4.0856034900,4.0856034900,4.1420539700,1.559795,5602554,0
2019-05-08,4.0644345600,4.1067724200,4.0573782500,4.1138287300,-1.706483,6284047,0
2019-05-09,3.9938714600,4.0503219400,3.9656462200,4.0644345600,-1.736118,8539197,0
2019-05-10,4.0856034900,4.0009277700,4.0009277700,4.0926598000,2.296822,5359286,0
2019-05-13,4.0714908700,4.0432656300,4.0291530100,4.0997161100,-0.345423,3522434,0
2019-05-14,4.0503219400,4.0362093200,4.0220967000,4.0644345600,-0.519934,3894074,0
2019-05-15,4.0785471800,4.0573782500,4.0362093200,4.0856034900,0.696872,6199651,0
2019-05-16,4.0785471800,4.0856034900,4.0432656300,4.0856034900,0.000000,4218421,0
2019-05-17,4.0432656300,4.0714908700,4.0291530100,4.0856034900,-0.865055,3385448,0
2019-05-20,3.9797588400,4.0291530100,3.9444772900,4.0432656300,-1.570683,7123614,0
2019-05-21,4.0714908700,3.9727025300,3.9727025300,4.0785471800,2.304966,5302418,0
2019-05-22,4.0856034900,4.0644345600,4.0503219400,4.1208850400,0.346620,4754842,0
2019-05-23,4.1067724200,4.0785471800,4.0432656300,4.1420539700,0.518138,6340432,0
2019-05-24,4.1138287300,4.1138287300,4.0856034900,4.1349976600,0.171817,2966350,0
2019-05-27,4.1561665900,4.1208850400,4.0926598000,4.1561665900,1.029159,4583985,0
2019-05-28,4.1491102800,4.1561665900,4.1279413500,4.1702792100,-0.169775,4529620,0
2019-05-29,4.1914481400,4.1491102800,4.1349976600,4.1985044500,1.020407,5359641,0
2019-05-30,4.2267296900,4.1632229000,4.1632229000,4.2408423100,0.841746,7605964,0
2019-05-31,4.2620112400,4.2408423100,4.2337860000,4.2761238600,0.834728,6366836,0
2019-06-03,4.3255180300,4.2549549300,4.2478986200,4.3678558900,1.490069,11186551,0
2019-06-04,4.2831801700,4.3396306500,4.2549549300,4.3396306500,-0.978792,6145833,0
2019-06-05,4.2478986200,4.3043491000,4.2267296900,4.3325743400,-0.823726,7122481,0
2019-06-06,4.2690675500,4.2549549300,4.2549549300,4.2902364800,0.498342,7428243,0
2019-06-10,4.2831801700,4.2620112400,4.2478986200,4.3114054100,0.330578,6941766,0
2019-06-11,4.3114054100,4.2761238600,4.2690675500,4.3184617200,0.658978,10773183,0
2019-06-12,4.2972927900,4.3114054100,4.2902364800,4.3184617200,-0.327332,5720074,0
2019-06-13,4.2972927900,4.2972927900,4.2761238600,4.3184617200,0.000000,6243963,0
2019-06-14,4.2972927900,4.3043491000,4.2831801700,4.3255180300,0.000000,5502933,0
2019-06-17,4.2690675500,4.2831801700,4.2549549300,4.3043491000,-0.656814,5893405,0
2019-06-18,4.2620112400,4.2761238600,4.2549549300,4.2902364800,-0.165293,4335232,0
2019-06-19,4.2761238600,4.3043491000,4.2620112400,4.3325743400,0.331126,6412262,0
2019-06-20,4.3396306500,4.2690675500,4.2408423100,4.3466869600,1.485151,13147849,0
2019-06-21,4.3325743400,4.3325743400,4.3184617200,4.3678558900,-0.162605,6671387,0
2019-06-24,4.3114054100,4.3255180300,4.2972927900,4.3325743400,-0.488595,4828665,0
2019-06-25,4.3043491000,4.3184617200,4.2831801700,4.3184617200,-0.163670,4335462,0
2019-06-26,4.2972927900,4.3043491000,4.2690675500,4.3255180300,-0.163930,5018356,0
2019-06-27,4.2972927900,4.3043491000,4.2831801700,4.3043491000,0.000000,4228346,0
2019-06-28,4.2761238600,4.3043491000,4.2478986200,4.3184617200,-0.492614,4961600,0
2019-07-01,4.3043491000,4.2831801700,4.2549549300,4.3043491000,0.660065,6820269,0
2019-07-02,4.3043491000,4.2972927900,4.2761238600,4.3043491000,0.000000,3742086,0
2019-07-03,4.3890248200,4.3255180300,4.3043491000,4.4101937500,1.967211,22983646,0
2019-07-04,4.3607995800,4.3890248200,4.3396306500,4.4172500600,-0.643086,8501513,0
2019-07-05,4.3819685100,4.3749122000,4.3396306500,4.3819685100,0.485440,6790978,0
2019-07-08,4.2549549300,4.3749122000,4.2478986200,4.3749122000,-2.898548,7998286,0
2019-07-09,4.3043491000,4.2549549300,4.2337860000,4.3114054100,1.160857,7145494,0
2019-07-10,4.3139142200,4.3330446600,4.2852185600,4.3426098800,0.222227,5565000,0
2019-07-11,4.2660881200,4.3139142200,4.2086968000,4.3139142200,-1.108652,6986730,0
2019-07-12,4.2469576800,4.2852185600,4.2278272400,4.2852185600,-0.448430,6226499,0
2019-07-15,4.3043490000,4.2565229000,4.2086968000,4.3043490000,1.351350,4930486,0
2019-07-16,4.3043490000,4.3043490000,4.2756533400,4.3330446600,0.000000,5065424,0
2019-07-17,4.3043490000,4.3139142200,4.2852185600,4.3330446600,0.000000,3118981,0
2019-07-18,4.3234794400,4.3139142200,4.2947837800,4.3330446600,0.444444,4301277,0
2019-07-19,4.3713055400,4.3426098800,4.3234794400,4.3713055400,1.106199,4106360,0
2019-07-22,4.3713055400,4.3713055400,4.3139142200,4.4000012000,0.000000,4830258,0
2019-07-23,4.4286968600,4.3808707600,4.3713055400,4.4286968600,1.312909,5008864,0
2019-07-24,4.4669577400,4.4191316400,4.4095664200,4.4956534000,0.863930,12713084,0
2019-07-25,4.5147838400,4.4573925200,4.4478273000,4.5626099400,1.070658,11616745,0
2019-07-26,4.5530447200,4.5243490600,4.4956534000,4.5626099400,0.847500,6119032,0
2019-07-29,4.6391317000,4.5626099400,4.5626099400,4.6391317000,1.890749,7791342,0
2019-07-30,4.6200012600,4.6295664800,4.5721751600,4.6582621400,-0.412400,8036823,0
2019-07-31,4.5817403800,4.5721751600,4.5434795000,4.6104360400,-0.828200,6717004,0
2019-08-01,4.5817403800,4.6008708200,4.5434795000,4.6008708200,0.000000,4256592,0
2019-08-02,4.5434795000,4.5434795000,4.4956534000,4.5626099400,-0.835100,6277837,0
2019-08-05,4.4860881800,4.5339142800,4.4669577400,4.5434795000,-1.263200,7062540,0
2019-08-06,4.4478273000,4.4286968600,4.3234794400,4.4765229600,-0.852900,10725647,0
2019-08-07,4.4956534000,4.4286968600,4.4000012000,4.5243490600,1.075300,7854366,0
2019-08-08,4.5243490600,4.4860881800,4.4669577400,4.5434795000,0.638300,5521643,0
2019-08-09,4.4765229600,4.5243490600,4.4765229600,4.5530447200,-1.057100,4765930,0
2019-08-12,4.4956534000,4.4765229600,4.4382620800,4.5243490600,0.427400,2929458,0
2019-08-13,4.5052186200,4.5147838400,4.4573925200,4.5147838400,0.212800,2677730,0
2019-08-14,4.4765229600,4.5052186200,4.4478273000,4.5147838400,-0.636900,6198609,0
2019-08-15,4.5339142800,4.4478273000,4.4000012000,4.5434795000,1.282100,5575465,0
2019-08-16,4.5530447200,4.5147838400,4.5052186200,4.5530447200,0.422000,4920175,0
2019-08-19,4.6104360400,4.5530447200,4.5530447200,4.6295664800,1.260500,6260128,0
2019-08-20,4.5913056000,4.6200012600,4.5721751600,4.6486969200,-0.414900,7581120,0
2019-08-21,4.5817403800,4.5721751600,4.5434795000,4.6104360400,-0.208300,5384652,0
2019-08-22,4.5626099400,4.5817403800,4.5147838400,4.5913056000,-0.417500,4009752,0
2019-08-23,4.5530447200,4.5626099400,4.5243490600,4.5721751600,-0.209600,4273516,0
2019-08-26,4.6104360400,4.5052186200,4.4860881800,4.6200012600,1.260500,6357379,0
2019-08-27,4.6295664800,4.6104360400,4.5817403800,4.6486969200,0.414900,5806360,0
2019-08-28,4.6104360400,4.6391317000,4.5530447200,4.6486969200,-0.413200,6103562,0
2019-08-29,4.7252186800,4.6008708200,4.5817403800,4.7539143400,2.489600,13467435,0
2019-08-30,4.5721751600,4.7347839000,4.5530447200,4.7347839000,-3.238900,14563358,0
2019-09-02,4.5434795000,4.5626099400,4.4765229600,4.5721751600,-0.627600,9938577,0
2019-09-03,4.5339142800,4.5530447200,4.5147838400,4.5530447200,-0.210500,3046197,0
2019-09-04,4.5243490600,4.5339142800,4.4860881800,4.5339142800,-0.211000,6557662,0
2019-09-05,4.5339142800,4.5147838400,4.5052186200,4.5626099400,0.211400,5884929,0
2019-09-06,4.5243490600,4.5339142800,4.5052186200,4.5434795000,-0.211000,3435231,0
2019-09-09,4.5243490600,4.5434795000,4.5147838400,4.5530447200,0.000000,4504985,0
2019-09-10,4.4956534000,4.5434795000,4.4765229600,4.5434795000,-0.634300,6580946,0
2019-09-11,4.4860881800,4.4956534000,4.4573925200,4.4956534000,-0.212800,5919160,0
2019-09-12,4.4956534000,4.4956534000,4.4573925200,4.4956534000,0.213200,4612177,0
2019-09-16,4.5339142800,4.4956534000,4.4765229600,4.5434795000,0.851100,5338897,0
2019-09-17,4.5147838400,4.5339142800,4.4860881800,4.5339142800,-0.421900,4310096,0
2019-09-18,4.5626099400,4.4956534000,4.4956534000,4.5721751600,1.059300,4601924,0
2019-09-19,4.5339142800,4.5721751600,4.5147838400,4.5721751600,-0.628900,3340160,0
2019-09-20,4.5243490600,4.5339142800,4.4860881800,4.5434795000,-0.211000,5260226,0
2019-09-23,4.4860881800,4.5052186200,4.4573925200,4.5147838400,-0.845700,4765936,0
2019-09-24,4.4860881800,4.4860881800,4.4573925200,4.5052186200,0.000000,3945115,0
2019-09-25,4.4095664200,4.4860881800,4.3617403200,4.4860881800,-1.705800,12860381,0
2019-09-26,4.4191316400,4.4191316400,4.4095664200,4.4573925200,0.216900,5766490,0
2019-09-27,4.3617403200,4.4191316400,4.3330446600,4.4382620800,-1.298700,5952143,0
2019-09-30,4.3617403200,4.3521751000,4.3043490000,4.4000012000,0.000000,3727467,0
2019-10-08,4.3713055400,4.3904359800,4.3234794400,4.3904359800,0.219300,3187337,0
2019-10-09,4.3617403200,4.3330446600,4.3330446600,4.3904359800,-0.218800,2216042,0
2019-10-10,4.3713055400,4.3617403200,4.3426098800,4.4095664200,0.219300,2748965,0
2019-10-11,4.4191316400,4.3808707600,4.3713055400,4.4191316400,1.094100,3028085,0
2019-10-14,4.4095664200,4.4286968600,4.4000012000,4.4382620800,-0.216400,4898351,0
2019-10-15,4.4095664200,4.4095664200,4.3808707600,4.4286968600,0.000000,2586502,0
2019-10-16,4.3617403200,4.4095664200,4.3426098800,4.4191316400,-1.084600,6235875,0
2019-10-17,4.3234794400,4.3808707600,4.3043490000,4.3808707600,-0.877200,5808895,0
2019-10-18,4.3330446600,4.3139142200,4.3139142200,4.3617403200,0.221200,3942131,0
2019-10-21,4.3043490000,4.3330446600,4.2086968000,4.3521751000,-0.662300,5472909,0
2019-10-22,4.3043490000,4.2947837800,4.2660881200,4.3043490000,0.000000,3492140,0
2019-10-23,4.3043490000,4.3043490000,4.2660881200,4.3234794400,0.000000,3579143,0
2019-10-24,4.3234794400,4.2852185600,4.2565229000,4.3426098800,0.444400,5107289,0
2019-10-25,4.2660881200,4.3043490000,4.2565229000,4.3234794400,-1.327400,8186650,0
2019-10-28,4.2852185600,4.2660881200,4.2660881200,4.3139142200,0.448400,5303795,0
2019-10-29,4.3043490000,4.2852185600,4.2660881200,4.3139142200,0.446400,3325031,0
2019-10-30,4.3330446600,4.2852185600,4.2660881200,4.3330446600,0.666700,2626233,0
2019-10-31,4.2852185600,4.3234794400,4.2660881200,4.3426098800,-1.103800,4564975,0
2019-11-01,4.2947837800,4.2947837800,4.2756533400,4.3043490000,0.223200,3617797,0
2019-11-04,4.3617403200,4.2947837800,4.2947837800,4.3713055400,1.559000,3480727,0
2019-11-05,4.3713055400,4.3808707600,4.3330446600,4.3808707600,0.219300,4203213,0
2019-11-06,4.3808707600,4.3617403200,4.3426098800,4.3808707600,0.218800,2861323,0
2019-11-07,4.3904359800,4.3904359800,4.3617403200,4.4000012000,0.218300,3190839,0
2019-11-08,4.4286968600,4.4000012000,4.3808707600,4.4478273000,0.871500,4344670,0
2019-11-11,4.3904359800,4.4191316400,4.3713055400,4.4191316400,-0.863900,3455198,0
2019-11-12,4.3904359800,4.3521751000,4.3521751000,4.4191316400,0.000000,2702916,0
2019-11-13,4.4382620800,4.4000012000,4.3808707600,4.4478273000,1.089300,4400138,0
2019-11-14,4.4765229600,4.4478273000,4.4191316400,4.4956534000,0.862100,5741720,0
2019-11-15,4.5052186200,4.4956534000,4.4765229600,4.5052186200,0.641000,7379071,0
2019-11-18,4.5530447200,4.5052186200,4.4956534000,4.5530447200,1.061600,4649098,0
2019-11-19,4.5339142800,4.5626099400,4.4956534000,4.5721751600,-0.420200,4267097,0
2019-11-20,4.5243490600,4.5339142800,4.5052186200,4.5434795000,-0.211000,4083853,0
2019-11-21,4.5434795000,4.5147838400,4.4956534000,4.5530447200,0.422800,4475673,0
2019-11-22,4.5626099400,4.5530447200,4.5339142800,4.5721751600,0.421100,3362810,0
2019-11-25,4.5913056000,4.5626099400,4.5434795000,4.6104360400,0.628900,4154958,0
2019-11-26,4.6200012600,4.7252186800,4.5913056000,4.9260883000,0.625000,23171183,0
2019-11-27,4.4860881800,4.5913056000,4.4478273000,4.6104360400,-2.898500,11314754,0
2019-11-28,4.5434795000,4.4669577400,4.4286968600,4.6104360400,1.279300,6147356,0
2019-11-29,4.6008708200,4.5243490600,4.4956534000,4.6104360400,1.263200,4670696,0
2019-12-02,4.6486969200,4.6104360400,4.5530447200,4.6869578000,1.039500,6009482,0
2019-12-03,4.6869578000,4.6486969200,4.6104360400,4.6869578000,0.823000,4589390,0
2019-12-04,4.6678273600,4.6486969200,4.6295664800,4.6965230200,-0.408200,4113960,0
2019-12-05,4.6486969200,4.6773925800,4.6486969200,4.6869578000,-0.409800,3359035,0
2019-12-06,4.6582621400,4.6200012600,4.5626099400,4.6678273600,0.205800,4665308,0
2019-12-09,4.6678273600,4.6582621400,4.5913056000,4.6869578000,0.205300,4010708,0
2019-12-10,4.6678273600,4.6869578000,4.6582621400,4.7060882400,0.000000,3653484,0
2019-12-11,4.6773925800,4.6869578000,4.6391317000,4.6869578000,0.204900,2638716,0
2019-12-12,4.6008708200,4.6869578000,4.6008708200,4.6869578000,-1.636000,2659520,0
2019-12-13,4.6773925800,4.6295664800,4.5913056000,4.6965230200,1.663200,6308474,0
2019-12-16,4.7156534600,4.6678273600,4.6200012600,4.7347839000,0.818000,4835550,0
2019-12-17,4.7060882400,4.7156534600,4.6773925800,4.7347839000,-0.202800,5541632,0
2019-12-18,4.6773925800,4.7156534600,4.6773925800,4.7252186800,-0.609800,3717140,0
2019-12-19,4.6965230200,4.6773925800,4.6678273600,4.7060882400,0.409000,2154620,0
2019-12-20,4.6965230200,4.6965230200,4.6582621400,4.7060882400,0.000000,2583756,0
2019-12-23,4.6582621400,4.6678273600,4.5913056000,4.7156534600,-0.814700,5664971,0
2019-12-24,4.6295664800,4.6295664800,4.5913056000,4.6582621400,-0.616000,2376690,0
2019-12-25,4.5913056000,4.6295664800,4.5913056000,4.6295664800,-0.826400,1394863,0
2019-12-26,4.6008708200,4.5913056000,4.5721751600,4.6200012600,0.208300,1877537,0
2019-12-27,4.6295664800,4.5913056000,4.5913056000,4.6295664800,0.623700,2748873,0
2019-12-30,4.6486969200,4.5817403800,4.5817403800,4.6773925800,0.413200,3277971,0
2019-12-31,4.6773925800,4.6486969200,4.6200012600,4.6869578000,0.617300,3114860,0
