date,close,open,low,high,pctChg,volume,isST
2019-01-02,6.3420342000,6.4777964000,6.3032450000,6.5165856000,-1.949027,8020409,0
2019-01-03,6.1771801000,6.3420342000,6.1480882000,6.4099153000,-2.599390,10597499,0
2019-01-04,6.3905207000,6.1286936000,6.0899044000,6.4002180000,3.453694,9766810,0
2019-01-07,6.4680991000,6.5068883000,6.4390072000,6.5553748000,1.213959,9775107,0
2019-01-08,6.5553748000,6.4390072000,6.4390072000,6.5747694000,1.349328,8093744,0
2019-01-09,6.5650721000,6.5553748000,6.5262829000,6.7202289000,0.147925,11558096,0
2019-01-10,6.5165856000,6.5747694000,6.5165856000,6.6135586000,-0.738555,5566659,0
2019-01-11,6.5456775000,6.5165856000,6.4680991000,6.5844667000,0.446432,5150276,0
2019-01-14,6.4874937000,6.5068883000,6.4680991000,6.5747694000,-0.888888,5583572,0
2019-01-15,6.6911370000,6.5068883000,6.4971910000,6.7105316000,3.139014,11314427,0
2019-01-16,6.6814397000,6.6911370000,6.6523478000,6.7493208000,-0.144931,6566496,0
2019-01-17,6.7202289000,6.7105316000,6.6232559000,6.7881100000,0.580551,9465893,0
2019-01-18,6.7978073000,6.6911370000,6.6329532000,6.8365965000,1.154407,13603884,0
2019-01-21,6.6620451000,6.7493208000,6.5941640000,6.8268992000,-1.997152,15868186,0
2019-01-22,6.3517315000,6.6523478000,6.2935477000,6.6523478000,-4.657928,25420810,0
2019-01-23,6.2644558000,6.3420342000,6.2256666000,6.3614288000,-1.374048,11715336,0
2019-01-24,6.3614288000,6.3032450000,6.2547585000,6.3905207000,1.547986,11989638,0
2019-01-25,6.2741531000,6.3517315000,6.2644558000,6.4002180000,-1.371953,9684300,0
2019-01-28,6.4002180000,6.3420342000,6.2935477000,6.4874937000,2.009275,13747258,0
2019-01-29,6.3032450000,6.3905207000,6.1286936000,6.4002180000,-1.515150,11193906,0
2019-01-30,6.2256666000,6.2838504000,6.2159693000,6.3614288000,-1.230768,6338905,0
2019-01-31,6.1286936000,6.2547585000,6.1092990000,6.2935477000,-1.557631,9717690,0
2019-02-01,6.4293099000,6.1577855000,6.1577855000,6.4487045000,4.905062,12360773,0
2019-02-11,6.6232559000,6.4099153000,6.3808234000,6.6523478000,3.016588,13190489,0
2019-02-12,6.8075046000,6.6329532000,6.6135586000,6.8947803000,2.781846,20428934,0
2019-02-13,6.8365965000,6.7881100000,6.7202289000,6.9141749000,0.427353,18003975,0
2019-02-14,6.8462938000,6.8172019000,6.7978073000,6.9335695000,0.141841,13197979,0
2019-02-15,6.8365965000,6.8559911000,6.8268992000,6.9335695000,-0.141640,14709042,0
2019-02-18,7.0790290000,6.8365965000,6.8365965000,7.0984236000,3.546099,19337498,0
2019-02-19,7.0111479000,7.1275155000,6.9529641000,7.1760020000,-0.958906,19893599,0
2019-02-20,7.0208452000,6.9626614000,6.8850830000,7.0596344000,0.138309,15955474,0
2019-02-21,6.9141749000,6.9723587000,6.8947803000,7.0596344000,-1.519332,17138167,0
2019-02-22,6.9723587000,6.8850830000,6.8365965000,6.9917533000,0.841514,16997218,0
2019-02-25,7.4087372000,7.0693317000,6.9820560000,7.4281318000,6.258689,36918935,0
2019-02-26,7.7481427000,7.3990399000,7.3020669000,7.8839049000,4.581151,55716822,0
2019-02-27,7.7578400000,7.7481427000,7.6317751000,7.8354184000,0.125159,30362345,0
2019-02-28,7.8742076000,7.7675373000,7.7675373000,8.0196671000,1.499999,27492742,0
2019-03-01,7.8936022000,7.8839049000,7.7966292000,7.9420887000,0.246311,20451572,0
2019-03-04,8.0293644000,7.9614833000,7.9614833000,8.1845212000,1.719894,26702958,0
2019-03-05,8.0681536000,8.0390617000,7.8936022000,8.2136131000,0.483091,32248734,0
2019-03-06,8.2717969000,8.1457320000,7.9905752000,8.3396780000,2.524039,36434006,0
2019-03-07,8.2136131000,8.3396780000,8.1166401000,8.3396780000,-0.703394,31663001,0
2019-03-08,8.0002725000,8.0487590000,7.9614833000,8.3978618000,-2.597406,30494503,0
2019-03-11,8.8051484000,8.0487590000,8.0487590000,8.8051484000,10.060610,27864709,0
2019-03-12,8.8827268000,9.4548675000,8.7275700000,9.4548675000,0.881056,66430659,0
2019-03-13,9.0863701000,8.8924241000,8.6305970000,9.4548675000,2.292577,66165268,0
2019-03-14,8.6112024000,8.8439376000,8.3784672000,9.1639485000,-5.229454,41221958,0
2019-03-15,8.6499916000,8.6790835000,8.5336240000,8.9215160000,0.450450,32523976,0
2019-03-18,8.9118187000,8.7275700000,8.5142294000,9.0475809000,3.026900,33472891,0
2019-03-19,8.8148457000,8.9021214000,8.7469646000,8.9506079000,-1.088133,18301861,0
2019-03-20,8.8051484000,8.8827268000,8.6499916000,8.9118187000,-0.110014,20014969,0
2019-03-21,8.8633322000,8.8148457000,8.8148457000,9.0572782000,0.660798,28525602,0
2019-03-22,8.8245430000,8.8924241000,8.6305970000,8.9215160000,-0.437636,22987398,0
2019-03-25,8.5336240000,8.6790835000,8.5142294000,8.7469646000,-3.296705,25565720,0
2019-03-26,8.1942185000,8.6015051000,8.1845212000,8.6208997000,-3.977277,22729598,0
2019-03-27,8.3784672000,8.1942185000,8.1942185000,8.4851375000,2.248527,15463801,0
2019-03-28,8.3396780000,8.3784672000,8.2717969000,8.4172564000,-0.462962,11822429,0
2019-03-29,8.5627159000,8.3493753000,8.2620996000,8.6015051000,2.674413,18044567,0
2019-04-01,8.8148457000,8.5724132000,8.5724132000,8.8730295000,2.944510,24754500,0
2019-04-02,8.7566619000,8.8633322000,8.6887808000,8.8924241000,-0.660071,22454597,0
2019-04-03,8.8245430000,8.7566619000,8.7178727000,8.8633322000,0.775201,18549179,0
2019-04-04,8.7954511000,8.8536349000,8.7372673000,8.9215160000,-0.329678,16113402,0
2019-04-08,8.7469646000,8.8439376000,8.6693862000,8.9893971000,-0.551260,23856673,0
2019-04-09,8.7760565000,8.7469646000,8.6112024000,8.8730295000,0.332591,15532498,0
2019-04-10,9.1445539000,8.9312133000,8.9312133000,9.4548675000,4.198896,50113965,0
2019-04-11,8.8536349000,9.2124350000,8.8536349000,9.2706188000,-3.181338,27020851,0
2019-04-12,8.6693862000,8.8148457000,8.5918078000,8.8730295000,-2.081057,18108676,0
2019-04-15,8.5045321000,8.7469646000,8.4851375000,8.8439376000,-1.901556,19086899,0
2019-04-16,8.6015051000,8.5336240000,8.3687699000,8.6112024000,1.140244,14182094,0
2019-04-17,8.6596889000,8.6112024000,8.5530186000,8.6984781000,0.676442,13111152,0
2019-04-18,8.5045321000,8.6499916000,8.4754402000,8.6499916000,-1.791712,10689499,0
2019-04-19,8.5239267000,8.5045321000,8.4172564000,8.5821105000,0.228045,7966887,0
2019-04-22,8.5433213000,8.5045321000,8.4948348000,8.6015051000,0.227537,11661977,0
2019-04-23,8.3784672000,8.5239267000,8.3687699000,8.5627159000,-1.929626,10129037,0
2019-04-24,8.4269537000,8.4366510000,8.2039158000,8.4463483000,0.578695,10151382,0
2019-04-25,8.1651266000,8.3396780000,8.1554293000,8.4560456000,-3.107014,10019910,0
2019-04-26,8.0972455000,8.2136131000,8.0487590000,8.2717969000,-0.831350,8654539,0
2019-04-29,8.3105861000,8.3396780000,8.2717969000,8.5142294000,2.634722,19738394,0
2019-04-30,8.4948348000,8.3105861000,8.3105861000,8.6305970000,2.217042,13824363,0
2019-05-06,8.0099698000,8.3008888000,7.8645103000,8.3687699000,-5.707762,16455755,0
2019-05-07,8.4172564000,7.9129968000,7.9032995000,8.4560456000,5.084747,19617374,0
2019-05-08,8.3784672000,8.2814942000,8.2039158000,8.6305970000,-0.460829,19727561,0
2019-05-09,7.9614833000,8.2717969000,7.9517860000,8.2911915000,-4.976855,17141718,0
2019-05-10,8.1554293000,7.9808779000,7.9032995000,8.1748239000,2.436051,10898524,0
2019-05-13,8.0099698000,8.0487590000,8.0002725000,8.1069428000,-1.783587,6089235,0
2019-05-14,7.9032995000,7.9711806000,7.8742076000,8.0584563000,-1.331726,8361762,0
2019-05-15,8.1360347000,7.9614833000,7.9614833000,8.1942185000,2.944794,11813182,0
2019-05-16,8.1942185000,8.1457320000,8.0584563000,8.2427050000,0.715131,8556482,0
2019-05-17,8.0002725000,8.2427050000,7.9517860000,8.2427050000,-2.366862,7578552,0
2019-05-20,7.9517860000,8.0390617000,7.8548130000,8.0681536000,-0.606063,7144359,0
2019-05-21,8.0293644000,7.9905752000,7.8936022000,8.1069428000,0.975609,7300056,0
2019-05-22,7.9226941000,8.0487590000,7.9032995000,8.0487590000,-1.328498,5027842,0
2019-05-23,7.7287481000,7.9323914000,7.7093535000,7.9323914000,-2.447984,8303212,0
2019-05-24,7.8079203300,7.7485445100,7.7287525700,7.8475042100,1.024327,6355790,0
2019-05-27,7.9959437600,7.8079203300,7.8079203300,8.0355276400,2.408112,6529732,0
2019-05-28,8.0553195800,7.9860477900,7.9761518200,8.1641752500,0.742579,8036071,0
2019-05-29,8.1047994300,8.0751115200,8.0355276400,8.1839671900,0.614241,7941453,0
2019-05-30,8.1839671900,8.0652155500,8.0157357000,8.2235510700,0.976812,7252878,0
2019-05-31,8.0652155500,8.1839671900,8.0355276400,8.2037591300,-1.451038,5232818,0
2019-06-03,8.0256316700,8.1245913700,7.9959437600,8.1542792800,-0.490797,5670897,0
2019-06-04,8.0157357000,8.0256316700,7.9662558500,8.0751115200,-0.123296,5280875,0
2019-06-05,8.0157357000,8.0652155500,7.9761518200,8.1146954000,0.000000,5154567,0
2019-06-06,7.5308331700,7.9662558500,7.4318734700,8.0157357000,-6.049386,12644417,0
2019-06-10,7.6693767500,7.6100009300,7.5110412300,7.7782324200,1.839683,6099716,0
2019-06-11,8.0850074900,7.7683364500,7.7188566000,8.1344873400,5.419356,10582266,0
2019-06-12,8.0256316700,8.0850074900,7.9959437600,8.2037591300,-0.734399,9565924,0
2019-06-13,8.1740712200,8.0454236100,7.9563598800,8.3521986800,1.849576,15352620,0
2019-06-14,7.8870880900,8.0850074900,7.8376082400,8.1146954000,-3.510901,12886076,0
2019-06-17,7.8870880900,7.8969840600,7.8277122700,8.0157357000,0.000000,6127280,0
2019-06-18,7.8672961500,7.8969840600,7.8079203300,7.9266719700,-0.250941,5292306,0
2019-06-19,7.9266719700,8.0553195800,7.9167760000,8.0850074900,0.754722,7544855,0
2019-06-20,8.0553195800,7.9365679400,7.9167760000,8.1641752500,1.622973,9372124,0
2019-06-21,8.3423027100,8.0553195800,8.0355276400,8.4115745000,3.562653,20415596,0
2019-06-24,8.5105342000,8.3917825600,8.3126148000,8.5600140500,2.016608,12732303,0
2019-06-25,8.4511583800,8.4808462900,8.2829268900,8.5501180800,-0.697679,9393953,0
2019-06-26,8.6589737500,8.3917825600,8.3521986800,8.6787656900,2.459017,14048095,0
2019-06-27,8.6193898700,8.6589737500,8.5699100200,8.7678294200,-0.457142,10962530,0
2019-06-28,8.5600140500,8.6193898700,8.4907422600,8.7084536000,-0.688868,7931307,0
2019-07-01,8.7579334500,8.7381415100,8.6193898700,8.8173092700,2.312148,12806176,0
2019-07-02,8.6787656900,8.7777253900,8.6391818100,8.7777253900,-0.903954,10337121,0
2019-07-03,8.6490777800,8.6886616600,8.5699100200,8.7777253900,-0.342083,10061338,0
2019-07-04,8.6589737500,8.6688697200,8.5897019600,8.7084536000,0.114419,5835350,0
2019-07-05,8.7975173300,8.7084536000,8.5501180800,8.8667891200,1.600004,14089445,0
2019-07-08,8.6094939000,8.8074133000,8.5699100200,8.8371012100,-2.137239,13324641,0
2019-07-09,8.6490777800,8.6391818100,8.5897019600,8.7876213600,0.459770,8486766,0
2019-07-10,8.7183495700,8.6490777800,8.4907422600,8.8272052400,0.800923,16299276,0
2019-07-11,8.6688697200,8.8173092700,8.5501180800,8.8371012100,-0.567539,10010842,0
2019-07-12,8.7678294200,8.6292858400,8.5699100200,8.8173092700,1.141546,12100759,0
2019-07-15,8.7975173300,8.7183495700,8.6292858400,8.8371012100,0.338608,13333540,0
2019-07-16,8.8568931500,8.8371012100,8.8371012100,9.1735641900,0.674910,19229883,0
2019-07-17,8.6787656900,8.7876213600,8.6589737500,8.9558528500,-2.011166,12826089,0
2019-07-18,8.5798059900,8.6193898700,8.5204301700,8.6490777800,-1.140255,8242230,0
2019-07-19,8.5501180800,8.5995979300,8.5204301700,8.6886616600,-0.346018,6292966,0
2019-07-22,8.5600140500,8.5600140500,8.3818865900,8.6787656900,0.115732,8783121,0
2019-07-23,8.5897019600,8.5699100200,8.5402221100,8.6490777800,0.346829,3939653,0
2019-07-24,8.5897019600,8.5897019600,8.5600140500,8.6787656900,0.000000,5211855,0
2019-07-25,8.4907422600,8.5798059900,8.4412624100,8.6094939000,-1.152078,5936399,0
2019-07-26,8.4808462900,8.4907422600,8.3917825600,8.5006382300,-0.116600,3946144,0
2019-07-29,8.4412624100,8.4709503200,8.3917825600,8.4709503200,-0.466744,3125858,0
2019-07-30,8.5006382300,8.4313664400,8.4313664400,8.5798059900,0.703400,4596849,0
2019-07-31,8.6094939000,8.4610543500,8.4016785300,8.6391818100,1.280600,6048110,0
2019-08-01,8.3521986800,8.5897019600,8.3324067400,8.5897019600,-2.988500,7435934,0
2019-08-02,8.1938631600,8.1938631600,8.1443833100,8.2433430100,-1.895700,5352630,0
2019-08-05,8.0256316700,8.1344873400,8.0256316700,8.2136551000,-2.053100,4563828,0
2019-08-06,7.9860477900,7.9266719700,7.7584404800,8.0949034600,-0.493200,6537884,0
2019-08-07,7.9860477900,7.9860477900,7.9761518200,8.1047994300,0.000000,3886720,0
2019-08-08,8.0850074900,8.0157357000,8.0058397300,8.1146954000,1.239200,3559743,0
2019-08-09,7.9959437600,8.0949034600,7.9761518200,8.1740712200,-1.101600,3314702,0
2019-08-12,8.1245913700,7.9959437600,7.9860477900,8.1542792800,1.608900,3160363,0
2019-08-13,8.0751115200,8.0949034600,8.0256316700,8.1245913700,-0.609000,2690201,0
2019-08-14,8.1740712200,8.1641752500,8.1146954000,8.2037591300,1.225500,3216230,0
2019-08-15,8.2433430100,8.0355276400,7.9860477900,8.2928228600,0.847500,6302444,0
2019-08-16,8.2730309200,8.2433430100,8.1641752500,8.3521986800,0.360100,5344101,0
2019-08-19,8.5105342000,8.4610543500,8.3818865900,8.6094939000,2.870800,11571057,0
2019-08-20,8.6985576300,8.5006382300,8.4313664400,8.8371012100,2.209300,15085895,0
2019-08-21,8.7282455400,8.6886616600,8.6391818100,8.8865810600,0.341300,11162222,0
2019-08-22,8.7282455400,8.8568931500,8.6589737500,8.8568931500,0.000000,9705392,0
2019-08-23,8.8173092700,8.7975173300,8.7084536000,8.9360609100,1.020400,13995212,0
2019-08-26,8.9954367300,8.6589737500,8.5798059900,9.1339803100,2.020200,22709750,0
2019-08-27,9.0943964300,9.1636682200,9.0647085200,9.3813795600,1.100100,27536560,0
2019-08-28,9.1339803100,9.1438762800,9.1042924000,9.2527319500,0.435300,14856862,0
2019-08-29,9.0647085200,9.0845004600,9.0449165800,9.2131480700,-0.758400,13864479,0
2019-08-30,9.3714835900,9.1339803100,9.1339803100,9.5990909000,3.384300,33097791,0
2019-09-02,9.5298191100,9.3912755300,9.3220037400,9.6188828400,1.689500,25182331,0
2019-09-03,9.4308594100,9.5990909000,9.3615876200,9.6188828400,-1.038400,13416390,0
2019-09-04,9.4605473200,9.4308594100,9.2923158300,9.4803392600,0.314800,11545956,0
2019-09-05,9.5100271700,9.5891949300,9.4506513500,9.6485707500,0.523000,16341615,0
2019-09-06,9.4407553800,9.5100271700,9.3121077700,9.5496110500,-0.728400,12419218,0
2019-09-09,9.5595070200,9.5199231400,9.4407553800,9.6386747800,1.257900,13633317,0
2019-09-10,9.6980506000,9.5891949300,9.5496110500,9.8860740300,1.449300,19749043,0
2019-09-11,9.5891949300,9.7772183600,9.5199231400,9.9256579100,-1.122500,17721828,0
2019-09-12,9.6287788100,9.5891949300,9.5100271700,9.6980506000,0.412800,7771931,0
2019-09-16,9.5990909000,9.6485707500,9.5792989600,9.7277385100,-0.308300,8417834,0
2019-09-17,9.2428359800,9.5891949300,9.1438762800,9.6287788100,-3.711300,16816940,0
2019-09-18,9.3516916500,9.2824198600,9.2725238900,9.3813795600,1.177700,9046936,0
2019-09-19,9.6089868700,9.3121077700,9.3022118000,9.6386747800,2.751300,12879520,0
2019-09-20,10.1631611900,9.6287788100,9.5595070200,10.3214967100,5.767300,41659310,0
2019-09-23,10.3412886500,10.3907685000,10.1532652200,10.5886879000,1.752700,40295488,0
2019-09-24,10.2918088000,10.3808725300,10.2324329800,10.5392080500,-0.478500,27235216,0
2019-09-25,10.1631611900,10.3907685000,10.1136813400,10.4501443200,-1.250000,21354221,0
2019-09-26,9.7772183600,10.1928491000,9.7574264200,10.4105604400,-3.797500,25975654,0
2019-09-27,9.7772183600,9.8266982100,9.7574264200,10.0839934300,0.000000,14808967,0
2019-09-30,9.7079465700,9.7277385100,9.6287788100,10.0246176100,-0.708500,13722709,0
2019-10-08,10.1334732800,9.7970103000,9.7970103000,10.2918088000,4.383300,20229023,0
2019-10-09,9.9355538800,10.1334732800,9.7970103000,10.1928491000,-1.953100,17602978,0
2019-10-10,9.8563861200,9.9355538800,9.6881546300,9.9355538800,-0.796800,16602459,0
2019-10-11,9.7970103000,9.8168022400,9.7574264200,9.9058659700,-0.602400,17735182,0
2019-10-14,9.8069062700,9.8761780600,9.7772183600,10.0642014900,0.101000,17130619,0
2019-10-15,9.6287788100,9.6980506000,9.5100271700,9.8168022400,-1.816400,17334416,0
2019-10-16,9.7475304500,9.6287788100,9.6287788100,9.8662820900,1.233300,20992176,0
2019-10-17,9.4902352300,9.7871143300,9.4704432900,9.8266982100,-2.639600,19007666,0
2019-10-18,9.5199231400,9.5595070200,9.4308594100,9.6881546300,0.312800,16529559,0
2019-10-21,9.3615876200,9.5100271700,9.2824198600,9.5595070200,-1.663200,13031538,0
2019-10-22,9.6188828400,9.3714835900,9.3318997100,9.7871143300,2.748400,21834086,0
2019-10-23,9.2626279200,9.7178425400,9.1636682200,9.7277385100,-3.703700,27622827,0
2019-10-24,9.1042924000,9.2725238900,8.9459568800,9.2725238900,-1.709400,21014103,0
2019-10-25,9.1537722500,9.1042924000,8.9855407600,9.2230440400,0.543500,19226981,0
2019-10-28,9.3318997100,9.2032521000,9.1141883700,9.3813795600,1.945900,19919616,0
2019-10-29,9.4407553800,9.5001312000,9.3912755300,9.5990909000,1.166500,22940712,0
2019-10-30,9.2428359800,9.4308594100,9.1933561300,9.4803392600,-2.096400,18043102,0
2019-10-31,9.1834601600,9.2428359800,9.1042924000,9.3516916500,-0.642400,15721311,0
2019-11-01,9.7178425400,9.1537722500,9.1537722500,9.7772183600,5.819000,40975476,0
2019-11-04,9.8365941800,9.7277385100,9.6980506000,10.0048256700,1.222000,26786991,0
2019-11-05,9.8266982100,9.8464901500,9.7376344800,9.8860740300,-0.100600,19248753,0
2019-11-06,9.6584667200,9.8464901500,9.6188828400,9.8662820900,-1.712000,15341235,0
2019-11-07,10.0740974600,9.6881546300,9.6188828400,10.2225370100,4.303300,31001319,0
2019-11-08,10.0642014900,10.1631611900,10.0345135800,10.2621208900,-0.098200,17040174,0
2019-11-11,9.8464901500,9.9454498500,9.8168022400,10.0543055200,-2.163200,14039086,0
2019-11-12,9.8365941800,9.8168022400,9.6386747800,9.8761780600,-0.100500,11284000,0
2019-11-13,9.8761780600,9.7970103000,9.7475304500,10.0246176100,0.402400,18852632,0
2019-11-14,9.8168022400,9.7970103000,9.7178425400,9.8860740300,-0.601200,10562217,0
2019-11-15,10.1829531300,9.8662820900,9.6980506000,10.3412886500,3.729800,33762538,0
2019-11-18,10.2027450700,10.0740974600,10.0147216400,10.3313926800,0.194400,24070327,0
2019-11-19,10.4006644700,10.1730571600,10.1235773100,10.5491040200,1.939900,27186480,0
2019-11-20,10.4204564100,10.4204564100,10.3412886500,10.5787919300,0.190300,28205563,0
2019-11-21,10.3412886500,10.3412886500,10.1829531300,10.5293120800,-0.759700,22601869,0
2019-11-22,10.0642014900,10.4600402900,9.9949297000,10.6480637200,-2.679400,28014287,0
2019-11-25,9.9058659700,9.8860740300,9.7970103000,10.0642014900,-1.573300,18170348,0
2019-11-26,9.5792989600,9.9157619400,9.5792989600,9.9850337300,-3.296700,20380229,0
2019-11-27,10.0543055200,9.7079465700,9.6485707500,10.2225370100,4.958700,23826949,0
2019-11-28,10.0642014900,10.0444095500,9.9058659700,10.1829531300,0.098400,12766018,0
2019-11-29,9.7178425400,10.0345135800,9.5990909000,10.0642014900,-3.441500,19402104,0
2019-12-02,9.4110674700,9.6881546300,9.3912755300,9.7475304500,-3.156800,18423130,0
2019-12-03,9.3220037400,9.4011715000,9.2032521000,9.4011715000,-0.946400,13160387,0
2019-12-04,9.2428359800,9.2626279200,9.1438762800,9.3615876200,-0.849300,18906663,0
2019-12-05,9.3417956800,9.2626279200,9.2230440400,9.4209634400,1.070700,15164448,0
2019-12-06,9.4506513500,9.3714835900,9.2527319500,9.4605473200,1.165300,14192776,0
2019-12-09,9.3220037400,9.4308594100,9.2032521000,9.4308594100,-1.361300,20193093,0
2019-12-10,9.3615876200,9.2824198600,9.2527319500,9.4308594100,0.424600,13747084,0
2019-12-11,9.4506513500,9.3615876200,9.3121077700,9.5199231400,0.951400,14430465,0
2019-12-12,9.5694029900,9.4209634400,9.4011715000,9.6485707500,1.256500,16677557,0
2019-12-13,9.6386747800,9.6683626900,9.5496110500,9.6782586600,0.723900,14099224,0
2019-12-16,9.6584667200,9.6683626900,9.5496110500,9.7079465700,0.205300,14012690,0
2019-12-17,9.7871143300,9.6584667200,9.5990909000,9.8563861200,1.332000,17840067,0
2019-12-18,9.8069062700,9.7772183600,9.7277385100,9.9553458200,0.202200,15190339,0
2019-12-19,9.8761780600,9.8266982100,9.7277385100,9.9454498500,0.706400,15300177,0
2019-12-20,9.8464901500,9.9454498500,9.8266982100,10.0740974600,-0.300600,15759865,0
2019-12-23,9.6683626900,9.7970103000,9.6584667200,9.9553458200,-1.809000,12435223,0
2019-12-24,9.9751377600,9.6683626900,9.6683626900,10.0345135800,3.173000,16978935,0
2019-12-25,9.8662820900,9.9553458200,9.7673223900,9.9553458200,-1.091300,11461167,0
2019-12-26,9.8959700000,9.8662820900,9.7673223900,9.9355538800,0.300900,9796840,0
2019-12-27,9.9454498500,9.8662820900,9.8365941800,10.0543055200,0.500000,17698046,0
2019-12-30,9.8761780600,9.8761780600,9.6485707500,9.9751377600,-0.696500,22003307,0
2019-12-31,10.2423289500,9.9058659700,9.9058659700,10.3412886500,3.707400,34047818,0
