date,close,open,low,high,pctChg,volume,isST
2019-01-02,5.9541508800,6.0473300800,5.9261971200,6.0659659200,-0.930232,4116598,0
2019-01-03,5.8982433600,5.9727867200,5.8889254400,6.0193763200,-0.938966,6202275,0
2019-01-04,6.0193763200,5.8796075200,5.8143820800,6.0380121600,2.053714,7871025,0
2019-01-07,6.0846017600,6.0566480000,6.0193763200,6.0939196800,1.083594,9148684,0
2019-01-08,6.1870988800,6.0659659200,6.0007404800,6.3268676800,1.684528,15910843,0
2019-01-09,6.1684630400,6.1498272000,6.1125555200,6.2709601600,-0.301204,9318430,0
2019-01-10,6.1311913600,6.1498272000,6.1218734400,6.1964168000,-0.604229,4683990,0
2019-01-11,6.1964168000,6.1498272000,6.0846017600,6.2150526400,1.063832,7152221,0
2019-01-14,6.1964168000,6.2150526400,6.1777809600,6.2709601600,0.000000,5883623,0
2019-01-15,6.2336884800,6.1964168000,6.1684630400,6.2523243200,0.601503,6849241,0
2019-01-16,6.2243705600,6.2150526400,6.2057347200,6.2616422400,-0.149480,5862838,0
2019-01-17,6.1964168000,6.2430064000,6.1777809600,6.2523243200,-0.449098,5492734,0
2019-01-18,6.3455035200,6.2150526400,6.1964168000,6.3734572800,2.406013,14399854,0
2019-01-21,6.3361856000,6.4200468800,6.2895960000,6.4200468800,-0.146839,8039541,0
2019-01-22,6.1964168000,6.3361856000,6.1777809600,6.3455035200,-2.205884,6779918,0
2019-01-23,6.2243705600,6.1870988800,6.1591451200,6.2430064000,0.451124,3636629,0
2019-01-24,6.2243705600,6.2430064000,6.1684630400,6.2523243200,0.000000,5094224,0
2019-01-25,6.2336884800,6.2057347200,6.2057347200,6.2989139200,0.149704,6123776,0
2019-01-28,6.1964168000,6.2430064000,6.1964168000,6.3175497600,-0.597907,7816885,0
2019-01-29,6.3175497600,6.2150526400,6.1125555200,6.3268676800,1.954889,11391763,0
2019-01-30,6.2150526400,6.2430064000,6.1684630400,6.3361856000,-1.622421,7149853,0
2019-01-31,6.2802780800,6.2430064000,6.2150526400,6.3455035200,1.049471,8467565,0
2019-02-01,6.4107289600,6.2802780800,6.2523243200,6.4107289600,2.077157,10223053,0
2019-02-11,6.5411798400,6.4200468800,6.4200468800,6.5411798400,2.034882,11606551,0
2019-02-12,6.5132260800,6.5225440000,6.4480006400,6.5691336000,-0.427353,12648665,0
2019-02-13,6.5784515200,6.5132260800,6.4666364800,6.5970873600,1.001433,17321840,0
2019-02-14,6.5598156800,6.5504977600,6.5225440000,6.6343590400,-0.283286,14013979,0
2019-02-15,6.4573185600,6.5411798400,6.4480006400,6.5784515200,-1.562502,10696610,0
2019-02-18,6.6343590400,6.4573185600,6.4573185600,6.6529948800,2.741704,20140983,0
2019-02-19,6.8020816000,6.6623128000,6.5970873600,6.8207174400,2.528094,25355594,0
2019-02-20,6.7275382400,6.8020816000,6.6902665600,6.8020816000,-1.095896,15158775,0
2019-02-21,6.6809486400,6.7275382400,6.6716307200,6.8300353600,-0.692517,15746694,0
2019-02-22,6.7182203200,6.6716307200,6.6343590400,6.7461740800,0.557879,12477859,0
2019-02-25,6.9977579200,6.7554920000,6.6809486400,7.0163937600,4.160891,26651951,0
2019-02-26,7.1002550400,6.9698041600,6.9045787200,7.2959313600,1.464709,31274187,0
2019-02-27,7.0257116800,7.0629833600,6.9604862400,7.1375267200,-1.049868,18176924,0
2019-02-28,7.0909371200,7.0070758400,6.9884400000,7.1654804800,0.928384,15668353,0
2019-03-01,7.5941048000,7.1002550400,7.1002550400,7.7897811200,7.095920,49890989,0
2019-03-04,7.6220585600,7.6686481600,7.5381972800,7.7990990400,0.368107,42955448,0
2019-03-05,7.6406944000,7.6406944000,7.5009256000,7.6593302400,0.244493,22062953,0
2019-03-06,7.6779660800,7.6406944000,7.5288793600,7.7431915200,0.487804,27512099,0
2019-03-07,7.5941048000,7.6127406400,7.5009256000,7.6593302400,-1.092235,31601458,0
2019-03-08,7.0723012800,7.4916076800,7.0723012800,7.4916076800,-6.871160,28894439,0
2019-03-11,7.2586596800,7.0350296000,7.0350296000,7.2772955200,2.635043,24714389,0
2019-03-12,7.3052492800,7.2772955200,7.1654804800,7.3891105600,0.641851,25042380,0
2019-03-13,7.2586596800,7.2959313600,7.1375267200,7.3238851200,-0.637757,21078824,0
2019-03-14,7.9854574400,7.2679776000,7.2679776000,7.9854574400,10.012830,112091375,0
2019-03-15,7.8643244800,8.2556771200,7.7990990400,8.2556771200,-1.516921,98043665,0
2019-03-18,8.1438620800,7.7990990400,7.7431915200,8.2743129600,3.554505,84407940,0
2019-03-19,8.4513534400,8.0693187200,7.9295499200,8.5445326400,3.775743,74449987,0
2019-03-20,8.5352147200,8.3115846400,8.1624979200,8.8799777600,0.992284,96533733,0
2019-03-21,8.4047638400,8.6656656000,8.4047638400,8.8147523200,-1.528378,67721605,0
2019-03-22,8.1811337600,8.3488563200,8.0693187200,8.3674921600,-2.660762,45100170,0
2019-03-25,8.0413649600,8.0413649600,8.0134112000,8.2370412800,-1.708424,34927160,0
2019-03-26,7.9202320000,8.0879545600,7.8829603200,8.1531800000,-1.506374,27691363,0
2019-03-27,8.2743129600,7.9761395200,7.8363707200,8.2836308800,4.470590,37821539,0
2019-03-28,7.9388678400,8.1252262400,7.9109140800,8.2649950400,-4.054050,27481979,0
2019-03-29,8.1252262400,7.9575036800,7.7897811200,8.1531800000,2.347415,29821160,0
2019-04-01,8.3674921600,8.1811337600,8.1811337600,8.4793072000,2.981643,53885988,0
2019-04-02,8.4513534400,8.3861280000,8.3115846400,8.5538505600,1.002229,47463310,0
2019-04-03,8.6190760000,8.4047638400,8.3395384000,8.6656656000,1.984568,43256843,0
2019-04-04,8.5352147200,8.6656656000,8.4793072000,8.9265673600,-0.972975,60655738,0
2019-04-08,9.0104286400,8.6283939200,8.5165788800,9.0104286400,5.567688,65532138,0
2019-04-09,8.8240702400,9.0383824000,8.6936193600,9.1036078400,-2.068250,53787848,0
2019-04-10,8.6749835200,8.8799777600,8.6563476800,9.0383824000,-1.689544,42832980,0
2019-04-11,8.4233996800,8.6749835200,8.3768100800,8.7122552000,-2.900112,30916162,0
2019-04-12,8.4327176000,8.4327176000,8.2277233600,8.4606713600,0.110622,24407533,0
2019-04-15,8.3861280000,8.5258968000,8.3861280000,8.7122552000,-0.552488,25922577,0
2019-04-16,8.5631684800,8.2836308800,8.2277233600,8.5911222400,2.111106,20496173,0
2019-04-17,8.5445326400,8.5724864000,8.4606713600,8.6190760000,-0.217622,20769323,0
2019-04-18,8.6843014400,8.5911222400,8.4886251200,8.7961164800,1.635765,40034712,0
2019-04-19,8.6004401600,8.6563476800,8.4047638400,8.6843014400,-0.965667,25507104,0
2019-04-22,8.2277233600,8.4513534400,8.1997696000,8.5538505600,-4.333691,37369376,0
2019-04-23,7.9202320000,8.2184054400,7.8829603200,8.2184054400,-3.737258,24219316,0
2019-04-24,7.9854574400,7.9668216000,7.8736424000,8.0134112000,0.823526,14243182,0
2019-04-25,7.5754689600,7.9388678400,7.5475152000,7.9761395200,-5.134184,23911922,0
2019-04-26,7.4450180800,7.5661510400,7.4450180800,7.6034227200,-1.722021,14146151,0
2019-04-29,7.3052492800,7.4450180800,7.2307059200,7.5102435200,-1.877342,15839157,0
2019-04-30,7.3425209600,7.3052492800,7.2679776000,7.4263822400,0.510204,10716180,0
2019-05-06,6.7834457600,7.1561625600,6.6716307200,7.1747984000,-7.614212,21541332,0
2019-05-07,6.9604862400,6.8300353600,6.8207174400,6.9977579200,2.609884,15674651,0
2019-05-08,6.9791220800,6.8020816000,6.7648099200,7.1002550400,0.267737,12483767,0
2019-05-09,7.1561625600,6.9138966400,6.9045787200,7.2586596800,2.536716,17106602,0
2019-05-10,7.4077464000,7.1934342400,7.1561625600,7.4263822400,3.515625,15242067,0
2019-05-13,7.4357001600,7.3518388800,7.3052492800,7.5381972800,0.377361,10857382,0
2019-05-14,7.3332030400,7.3332030400,7.2772955200,7.4543360000,-1.378448,7082446,0
2019-05-15,7.4729718400,7.4543360000,7.3797926400,7.5195614400,1.905979,7939120,0
2019-05-16,7.7152377600,7.5475152000,7.5102435200,7.8643244800,3.241886,19408293,0
2019-05-17,7.5661510400,7.6779660800,7.5568331200,7.7711452800,-1.932365,14427541,0
2019-05-20,7.6686481600,7.6593302400,7.4822897600,7.6966019200,1.354676,9025460,0
2019-05-21,7.9854574400,7.6593302400,7.6127406400,8.0879545600,4.131229,19656832,0
2019-05-22,7.9575036800,7.9668216000,7.8550065600,8.0134112000,-0.350055,8192023,0
2019-05-23,7.8363707200,7.9295499200,7.8270528000,7.9947753600,-1.522250,7439456,0
2019-05-24,7.7804632000,7.8270528000,7.7059198400,7.9295499200,-0.713430,8286732,0
2019-05-27,7.9854574400,7.8829603200,7.7990990400,7.9947753600,2.634722,11007937,0
2019-05-28,7.8829603200,8.0786366400,7.8643244800,8.0786366400,-1.283543,9702081,0
2019-05-29,8.0600008000,7.8550065600,7.8270528000,8.1438620800,2.245858,10581894,0
2019-05-30,7.9202320000,8.0600008000,7.8643244800,8.0600008000,-1.734100,9053678,0
2019-05-31,7.8043265600,7.8719383000,7.6884207200,8.0168206000,-1.463413,11744781,0
2019-06-03,7.8719383000,7.7367148200,7.7367148200,7.9685265000,0.866333,9236625,0
2019-06-04,7.6594442600,7.8815971200,7.6497854400,7.9105735800,-2.699384,7630960,0
2019-06-05,7.8139853800,7.7270560000,7.7270560000,7.9009147600,2.017658,7189310,0
2019-06-06,7.6208089800,7.8719383000,7.5628560600,7.8719383000,-2.472191,8025000,0
2019-06-10,7.7560324600,7.6304678000,7.5918325200,7.8236442000,1.774396,5732445,0
2019-06-11,8.5287380600,8.0071617800,8.0071617800,8.5287380600,9.962643,29317853,0
2019-06-12,8.5963498000,8.8474791200,8.5190792400,8.8571379400,0.792749,64203457,0
2019-06-13,8.4031734000,8.4804439600,8.2679499200,8.5770321600,-2.247189,35564701,0
2019-06-14,8.2099970000,8.3935145800,8.2099970000,8.5770321600,-2.298849,27449531,0
2019-06-17,8.3355616600,8.2486322800,8.1810205400,8.3838557600,1.529413,13685336,0
2019-06-18,8.1906793600,8.4031734000,8.1230676200,8.4224910400,-1.738129,15269789,0
2019-06-19,8.2776087400,8.3548793000,8.2389734600,8.4031734000,1.061323,13945970,0
2019-06-20,8.4707851400,8.2872675600,8.2293146400,8.4804439600,2.333731,20934282,0
2019-06-21,8.4224910400,8.4224910400,8.3065852000,8.4997616000,-0.570128,19156960,0
2019-06-24,8.2969263800,8.3162440200,8.2582911000,8.3935145800,-1.490827,11001858,0
2019-06-25,8.2099970000,8.3065852000,8.1327264400,8.3259028400,-1.047732,9784250,0
2019-06-26,8.2099970000,8.1906793600,8.1617029000,8.3065852000,0.000000,6877463,0
2019-06-27,8.3259028400,8.2003381800,8.1713617200,8.3259028400,1.411763,7982241,0
2019-06-28,8.4901027800,8.3548793000,8.2582911000,8.6253262600,1.972159,26359241,0
2019-07-01,8.5577145200,8.6253262600,8.4031734000,8.6639615400,0.796356,21556788,0
2019-07-02,8.6060086200,8.5094204200,8.4997616000,8.7219144600,0.564336,15005103,0
2019-07-03,8.4031734000,8.5577145200,8.3259028400,8.6253262600,-2.356903,14222400,0
2019-07-04,8.6253262600,8.4031734000,8.4031734000,8.8281614800,2.643684,28414277,0
2019-07-05,8.6929380000,8.6349850800,8.5866909800,8.7412321000,0.783871,15046264,0
2019-07-08,8.5287380600,8.8185026600,8.3935145800,8.8281614800,-1.888890,16671509,0
2019-07-09,8.5963498000,8.4804439600,8.4418086800,8.6639615400,0.792749,10125168,0
2019-07-10,8.3741969400,8.8667967600,8.2872675600,8.8861144000,-2.584265,33989390,0
2019-07-11,8.5866909800,8.3259028400,8.3259028400,8.7605497400,2.537488,35813605,0
2019-07-12,8.5963498000,8.7412321000,8.5673733400,8.7412321000,0.112478,17375699,0
2019-07-15,8.9633849600,8.6639615400,8.5770321600,8.9827026000,4.269664,34645794,0
2019-07-16,8.9633849600,8.9247496800,8.8474791200,9.1082672600,0.000000,26140183,0
2019-07-17,8.9730437800,8.9923614200,8.8861144000,9.0406555200,0.107761,18232761,0
2019-07-18,8.7798673800,8.9150908600,8.7508909200,8.9440673200,-2.152850,17639510,0
2019-07-19,8.7025968200,8.8088438400,8.6639615400,8.8957732200,-0.880087,17316888,0
2019-07-22,8.4997616000,8.7412321000,8.4707851400,8.7508909200,-2.330744,16128985,0
2019-07-23,8.5383968800,8.5577145200,8.4224910400,8.5866909800,0.454545,10259114,0
2019-07-24,8.4804439600,8.5577145200,8.4321498600,8.6156674400,-0.678738,18928624,0
2019-07-25,8.4418086800,8.4707851400,8.3355616600,8.4997616000,-0.455580,15812677,0
2019-07-26,8.5480557000,8.4224910400,8.3452204800,8.5577145200,1.258600,15741606,0
2019-07-29,8.5287380600,8.5383968800,8.4804439600,8.5577145200,-0.225994,10216969,0
2019-07-30,8.4997616000,8.5287380600,8.4514675000,8.5770321600,-0.339700,11359040,0
2019-07-31,8.2389734600,8.4224910400,8.1810205400,8.4514675000,-3.068200,18323539,0
2019-08-01,8.1617029000,8.2099970000,8.0747735200,8.2099970000,-0.937900,11917463,0
2019-08-02,7.9492088600,7.9492088600,7.9009147600,8.0554558800,-2.603600,14070085,0
2019-08-05,7.9395500400,7.9781853200,7.9202324000,8.1037499800,-0.121500,9688733,0
2019-08-06,7.9685265000,7.7753501000,7.7463736400,8.0071617800,0.365000,13202668,0
2019-08-07,7.9298912200,7.9781853200,7.8429618400,8.0747735200,-0.484800,8728079,0
2019-08-08,7.9009147600,7.9588676800,7.8719383000,8.0361382400,-0.365400,8799390,0
2019-08-09,7.7850089200,7.9492088600,7.7463736400,8.0361382400,-1.467000,10327673,0
2019-08-12,7.9105735800,7.8236442000,7.7463736400,7.9105735800,1.612900,6195686,0
2019-08-13,8.0554558800,7.8526206600,7.8333030200,8.0651147000,1.831500,10635603,0
2019-08-14,8.0844323400,8.1327264400,7.9685265000,8.1423852600,0.359700,13912130,0
2019-08-15,8.1520440800,7.9105735800,7.8236442000,8.1906793600,0.836300,19242795,0
2019-08-16,8.4031734000,8.2293146400,8.1713617200,8.4611263200,3.080600,25576285,0
2019-08-19,8.5577145200,8.4514675000,8.3548793000,8.6349850800,1.839100,24272973,0
2019-08-20,8.7219144600,8.5963498000,8.5770321600,8.7895262000,1.918700,23497768,0
2019-08-21,8.7605497400,8.7895262000,8.6736203600,9.0309967000,0.443000,31593322,0
2019-08-22,8.7219144600,8.7798673800,8.7025968200,8.8571379400,-0.441000,20389204,0
2019-08-23,8.7605497400,8.7895262000,8.7219144600,8.8764555800,0.443000,14601443,0
2019-08-26,8.7508909200,8.5673733400,8.5577145200,8.8088438400,-0.110200,16008465,0
2019-08-27,8.7895262000,8.7605497400,8.7315732800,8.8764555800,0.441500,15744523,0
2019-08-28,8.7219144600,8.7605497400,8.6736203600,8.7991850200,-0.769200,13258079,0
2019-08-29,8.6639615400,8.7315732800,8.6639615400,8.7895262000,-0.664400,9926582,0
2019-08-30,8.4901027800,8.7315732800,8.4611263200,8.7605497400,-2.006700,11451358,0
2019-09-02,8.8474791200,8.4804439600,8.4707851400,8.8764555800,4.209300,22928750,0
2019-09-03,9.0020202400,8.8764555800,8.7895262000,9.1469025400,1.746700,24988469,0
2019-09-04,9.3014436600,9.1758790000,9.0599731600,9.3207613000,3.326200,37796163,0
2019-09-05,9.1082672600,9.5815494400,9.0986084400,9.6395023600,-2.076800,44090841,0
2019-09-06,9.0696319800,9.1275849000,8.9440673200,9.2048554600,-0.424200,18151220,0
2019-09-09,9.0792908000,9.1565613600,9.0213378800,9.1855378200,0.106500,22511159,0
2019-09-10,9.0986084400,9.0696319800,8.9730437800,9.1565613600,0.212800,18559472,0
2019-09-11,9.0503143400,9.1565613600,8.9730437800,9.1565613600,-0.530800,14222257,0
2019-09-12,9.1758790000,9.0696319800,9.0406555200,9.2434907400,1.387400,17624675,0
2019-09-16,9.0986084400,9.1758790000,9.0116790600,9.2048554600,-0.842100,14644276,0
2019-09-17,8.9247496800,9.0503143400,8.8667967600,9.0696319800,-1.910800,13931351,0
2019-09-18,8.9827026000,8.9633849600,8.8957732200,9.0020202400,0.649400,9087113,0
2019-09-19,9.0406555200,9.0020202400,8.9344085000,9.0503143400,0.645200,10652348,0
2019-09-20,9.1565613600,9.0889496200,9.0599731600,9.2917848400,1.282100,19161317,0
2019-09-23,8.8861144000,9.0696319800,8.7895262000,9.0792908000,-2.953600,16896515,0
2019-09-24,8.9537261400,8.8571379400,8.8281614800,9.0986084400,0.760900,12342774,0
2019-09-25,8.9440673200,8.9440673200,8.8861144000,9.0406555200,-0.107900,9839693,0
2019-09-26,8.8861144000,8.9537261400,8.8667967600,9.0309967000,-0.648000,11681030,0
2019-09-27,8.9827026000,8.8764555800,8.7991850200,8.9827026000,1.087000,8394625,0
2019-09-30,9.1372437200,8.9730437800,8.9537261400,9.2434907400,1.720400,18338197,0
2019-10-08,9.5139377000,9.1082672600,9.0889496200,9.6008670800,4.122600,34695751,0
2019-10-09,9.5429141600,9.3690554000,9.3111024800,9.5429141600,0.304600,19685831,0
2019-10-10,9.4753024200,9.5235965200,9.3014436600,9.5429141600,-0.708500,26162717,0
2019-10-11,9.7843846600,9.5718906200,9.5622318000,9.9679022400,3.262000,52587690,0
2019-10-14,10.0065375200,9.8809728600,9.7940434800,10.1127845400,2.270500,42037171,0
2019-10-15,9.8519964000,9.9196081400,9.8037023000,10.0258551600,-1.544400,27979014,0
2019-10-16,9.9872198800,9.9485846000,9.9002905000,10.1031257200,1.372600,21285551,0
2019-10-17,9.8423375800,9.9196081400,9.7264317400,9.9775610600,-1.450700,21875600,0
2019-10-18,9.8326787600,9.9968787000,9.7167729200,10.0548316200,-0.098100,21684135,0
2019-10-21,9.8713140400,9.8230199400,9.5912082600,9.8906316800,0.392900,21204642,0
2019-10-22,9.8037023000,10.0065375200,9.6588200000,10.0355139800,-0.684900,24528645,0
2019-10-23,10.2673256600,9.7843846600,9.7457493800,10.3832315000,4.729100,45076554,0
2019-10-24,10.0741492600,10.1803962800,10.0065375200,10.2190315600,-1.881500,25036916,0
2019-10-25,10.1610786400,10.0644904400,9.9196081400,10.2769844800,0.862900,21793462,0
2019-10-28,9.9872198800,10.0934669000,9.7554082000,10.1031257200,-1.711000,22186502,0
2019-10-29,9.8616552200,9.9002905000,9.8616552200,10.0548316200,-1.257300,15725312,0
2019-10-30,10.1224433600,9.8809728600,9.7167729200,10.1321021800,2.644500,24559920,0
2019-10-31,9.6781376400,10.0258551600,9.6588200000,10.0934669000,-4.389300,18803598,0
2019-11-01,9.8423375800,9.6877964600,9.6781376400,9.9099493200,1.696600,16614847,0
2019-11-04,10.4411844200,9.8519964000,9.8519964000,10.5570902600,6.084400,42637128,0
2019-11-05,10.6343608200,10.4701608800,10.3445962200,10.7019725600,1.850100,32011691,0
2019-11-06,10.4411844200,10.7695843000,10.3832315000,10.7792431200,-1.816500,21086753,0
2019-11-07,10.4605020600,10.4701608800,10.3928903200,10.7019725600,0.185000,18558137,0
2019-11-08,10.2963021200,10.5570902600,10.2673256600,10.5667490800,-1.569700,16458633,0
2019-11-11,10.2480080200,10.2383492000,10.1610786400,10.4025491400,-0.469000,17340408,0
2019-11-12,10.1707374600,10.1900551000,9.9582434200,10.3059609400,-0.754000,17280818,0
2019-11-13,10.0934669000,10.1900551000,9.9968787000,10.2190315600,-0.759700,11414212,0
2019-11-14,10.4894785200,10.1610786400,10.1514198200,10.6633372800,3.923400,25933353,0
2019-11-15,10.0355139800,10.4605020600,10.0161963400,10.4605020600,-4.327800,25329477,0
2019-11-18,10.0451728000,10.0934669000,9.8616552200,10.1224433600,0.096200,14270352,0
2019-11-19,10.4315256000,10.0355139800,10.0355139800,10.5957255400,3.846200,34511164,0
2019-11-20,10.2286903800,10.5087961600,10.1997139200,10.5087961600,-1.944400,19596531,0
2019-11-21,10.1321021800,10.1417610000,10.0644904400,10.2576668400,-0.944300,16848709,0
2019-11-22,10.0838080800,10.1803962800,10.0065375200,10.3832315000,-0.476600,19747190,0
2019-11-25,10.6729961000,10.1803962800,10.1610786400,10.6923137400,5.842900,44997654,0
2019-11-26,10.4508432400,10.6923137400,10.2769844800,10.6923137400,-2.081500,33926501,0
2019-11-27,10.5281138000,10.4508432400,10.3542550400,10.6343608200,0.739400,19692414,0
2019-11-28,10.4315256000,10.5281138000,10.3349374000,10.6633372800,-0.917400,15731152,0
2019-11-29,10.3349374000,10.3735726800,10.2576668400,10.4508432400,-0.925900,12718905,0
2019-12-02,10.3735726800,10.4605020600,10.3349374000,10.6729961000,0.373800,15845305,0
2019-12-03,10.3542550400,10.2866433000,10.2093727400,10.3639138600,-0.186200,10763158,0
2019-12-04,10.0548316200,10.2963021200,10.0161963400,10.3059609400,-2.891800,19457117,0
2019-12-05,10.1417610000,10.1031257200,10.0451728000,10.1900551000,0.864600,13340271,0
2019-12-06,10.0838080800,10.1610786400,10.0355139800,10.2093727400,-0.571400,10776059,0
2019-12-09,10.3542550400,10.1321021800,10.1224433600,10.4122079600,2.682000,18387611,0
2019-12-10,10.3349374000,10.3156197600,10.2383492000,10.3445962200,-0.186600,11041970,0
2019-12-11,10.3928903200,10.3059609400,10.2866433000,10.5281138000,0.560800,14079937,0
2019-12-12,10.2866433000,10.4315256000,10.2576668400,10.4508432400,-1.022300,10043905,0
2019-12-13,10.5184549800,10.3928903200,10.3445962200,10.5570902600,2.253500,19153061,0
2019-12-16,10.6729961000,10.6053843600,10.4894785200,10.6826549200,1.469200,18971405,0
2019-12-17,10.7695843000,10.6826549200,10.5667490800,10.8565136800,0.905000,18990588,0
2019-12-18,10.8371960400,10.7019725600,10.6923137400,10.9531018800,0.627800,13856627,0
2019-12-19,10.9917371600,10.8371960400,10.8178784000,11.1366194600,1.426000,16673939,0
2019-12-20,11.1076430000,10.9820783400,10.9241254200,11.2235488400,1.054500,17379202,0
2019-12-23,11.1366194600,11.1173018200,11.1173018200,11.4939958000,0.260900,24246039,0
2019-12-24,11.2235488400,11.1076430000,10.8951489600,11.2621841200,0.780600,17628447,0
2019-12-25,11.1945723800,11.2332076600,11.0303724400,11.2911605800,-0.258200,12749505,0
2019-12-26,11.3297958600,11.1945723800,11.1752547400,11.3877487800,1.207900,13594164,0
2019-12-27,11.1462782800,11.3297958600,11.1462782800,11.4167252400,-1.619800,15394175,0
2019-12-30,11.8513721400,11.3104782200,11.3104782200,12.0445485400,6.325800,34545570,0
2019-12-31,12.1218191000,11.9286427000,11.5616075400,12.2956778600,2.282000,32922671,0
