date,close,open,low,high,pctChg,volume,isST
2019-01-02,5.2684676400,5.2976289000,5.2490268000,5.3170697400,-0.550454,2228871,0
2019-01-03,5.2879084800,5.2781880600,5.2490268000,5.3365105800,0.369003,2048667,0
2019-01-04,5.4045535200,5.2587472200,5.2587472200,5.4239943600,2.205880,3973599,0
2019-01-07,5.4628760400,5.4337147800,5.4142739400,5.4628760400,1.079136,4109223,0
2019-01-08,5.4434352000,5.4628760400,5.4142739400,5.4628760400,-0.355872,3291400,0
2019-01-09,5.4920373000,5.4434352000,5.4337147800,5.5698006600,0.892860,5582644,0
2019-01-10,5.4725964600,5.4920373000,5.4531556200,5.5503598200,-0.353982,3792400,0
2019-01-11,5.5600802400,5.4823168800,5.4531556200,5.5600802400,1.598573,3548410,0
2019-01-14,5.5211985600,5.5503598200,5.5017577200,5.5892415000,-0.699300,3019827,0
2019-01-15,5.6572844400,5.5309189800,5.5017577200,5.6767252800,2.464795,5150455,0
2019-01-16,5.5892415000,5.6281231800,5.5406394000,5.6572844400,-1.202752,4097582,0
2019-01-17,5.5211985600,5.5698006600,5.5017577200,5.5892415000,-1.217394,3320488,0
2019-01-18,5.5406394000,5.5309189800,5.4531556200,5.5600802400,0.352112,4244806,0
2019-01-21,5.5698006600,5.5503598200,5.5211985600,5.5795210800,0.526320,3603725,0
2019-01-22,5.4920373000,5.5600802400,5.4628760400,5.5600802400,-1.396159,2827424,0
2019-01-23,5.7253273800,5.4628760400,5.4434352000,5.7836499000,4.247784,11146796,0
2019-01-24,5.6670048600,5.8419724200,5.6572844400,5.9294562000,-1.018675,17432900,0
2019-01-25,5.5892415000,5.6475640200,5.5600802400,5.6864457000,-1.372211,10487444,0
2019-01-28,5.5406394000,5.6378436000,5.5114781400,5.6378436000,-0.869568,5415409,0
2019-01-29,5.2295859600,5.3462310000,5.1129409200,5.3462310000,-5.614030,11078547,0
2019-01-30,5.1712634400,5.2198655400,5.1323817600,5.2393063800,-1.115241,3804462,0
2019-01-31,5.1615430200,5.1809838600,5.1323817600,5.2295859600,-0.187974,3082738,0
2019-02-01,5.2684676400,5.1712634400,5.1712634400,5.2781880600,2.071566,2675028,0
2019-02-11,5.3851126800,5.2684676400,5.2684676400,5.3851126800,2.214020,4616500,0
2019-02-12,5.4725964600,5.3851126800,5.3365105800,5.5017577200,1.624551,6128421,0
2019-02-13,5.6864457000,5.4531556200,5.4337147800,5.6961661200,3.907634,11023568,0
2019-02-14,5.6378436000,5.8419724200,5.6378436000,5.8516928400,-0.854696,13952872,0
2019-02-15,5.8030907400,5.5989619200,5.5989619200,5.9294562000,2.931027,13408887,0
2019-02-18,5.9780583000,5.8128111600,5.7933703200,5.9780583000,3.015081,14649268,0
2019-02-19,6.3377138400,6.1821871200,6.0558216600,6.4737997200,6.016258,33205459,0
2019-02-20,6.6390468600,6.2113483800,6.1627462800,6.9598207200,4.754601,30070398,0
2019-02-21,6.6584877000,6.5224018200,6.4057567800,6.6682081200,0.292826,18717000,0
2019-02-22,6.7556919000,6.5418426600,6.5126814000,6.8723369400,1.459853,16017461,0
2019-02-25,6.8723369400,6.7945735800,6.6779285400,6.9792615600,1.726624,21149979,0
2019-02-26,6.6779285400,6.8723369400,6.6584877000,6.9695411400,-2.828858,17876249,0
2019-02-27,6.8140144200,6.6293264400,6.6293264400,7.0861861800,2.037851,21861253,0
2019-02-28,6.8042940000,6.8140144200,6.6973693800,6.8626165200,-0.142657,8575807,0
2019-03-01,6.8431756800,6.7751327400,6.7265306400,6.8626165200,0.571428,7831386,0
2019-03-04,6.8431756800,6.8820573600,6.8042940000,7.0278636600,0.000000,13967815,0
2019-03-05,7.1056270200,6.8431756800,6.8237348400,7.1542291200,3.835227,16463280,0
2019-03-06,7.3777987800,7.1153474400,7.1153474400,7.5138846600,3.830372,17152072,0
2019-03-07,7.2903150000,7.3680783600,7.2319924800,7.4944438200,-1.185773,12122545,0
2019-03-08,6.9306594600,7.2417129000,6.9014982000,7.2708741600,-4.933332,13651163,0
2019-03-11,7.2028312200,6.9403798800,6.9306594600,7.2514333200,3.927065,11306461,0
2019-03-12,7.1639495400,7.1542291200,7.0181432400,7.3972396200,-0.539811,13353520,0
2019-03-13,7.1250678600,7.1250678600,7.0473045000,7.3291966800,-0.542740,11094593,0
2019-03-14,6.8917777800,7.0764657600,6.8334552600,7.1542291200,-3.274212,11350356,0
2019-03-15,7.0473045000,6.9598207200,6.9112186200,7.0570249200,2.256697,6434305,0
2019-03-18,7.1931108000,7.0764657600,6.9889819800,7.2028312200,2.068967,6721700,0
2019-03-19,7.2028312200,7.2125516400,7.1347882800,7.2708741600,0.135132,4504700,0
2019-03-20,7.1639495400,7.1445087000,7.0375840800,7.2125516400,-0.539811,4849314,0
2019-03-21,7.2611537400,7.1931108000,7.0959066000,7.3000354200,1.356851,7396395,0
2019-03-22,7.2319924800,7.2611537400,7.1056270200,7.2903150000,-0.401603,5319672,0
2019-03-25,7.4555621400,7.0570249200,7.0375840800,7.6110888600,3.091398,11871665,0
2019-03-26,6.9501003000,7.4652825600,6.9306594600,7.4944438200,-6.779661,10020217,0
2019-03-27,6.9209390400,6.9792615600,6.8237348400,7.0473045000,-0.419583,5579877,0
2019-03-28,6.8723369400,7.0278636600,6.8528961000,7.0570249200,-0.702243,4262575,0
2019-03-29,6.9501003000,6.8431756800,6.8237348400,6.9987024000,1.131541,6056024,0
2019-04-01,7.1445087000,6.9987024000,6.9889819800,7.1833903800,2.797200,7453319,0
2019-04-02,7.1347882800,7.1931108000,7.0764657600,7.2319924800,-0.136051,6662039,0
2019-04-03,7.2417129000,7.1250678600,7.1056270200,7.2903150000,1.498633,5931725,0
2019-04-04,7.2514333200,7.2514333200,7.1736699600,7.3972396200,0.134231,6857385,0
2019-04-08,7.5236050800,7.2708741600,7.2514333200,7.6402501200,3.753348,15872631,0
2019-04-09,7.4361213000,7.5527663400,7.3291966800,7.5624867600,-1.162786,7276572,0
2019-04-10,7.3097558400,7.3875192000,7.1931108000,7.3972396200,-1.699348,5485370,0
2019-04-11,7.2319924800,7.3486375200,7.2125516400,7.4652825600,-1.063829,5356647,0
2019-04-12,7.1833903800,7.1833903800,7.1250678600,7.2611537400,-0.672046,3383925,0
2019-04-15,7.2125516400,7.2319924800,7.1833903800,7.3291966800,0.405957,5057407,0
2019-04-16,7.3097558400,7.2222720600,7.0959066000,7.3194762600,1.347708,4498130,0
2019-04-17,7.4750029800,7.2903150000,7.2708741600,7.5333255000,2.260639,7420303,0
2019-04-18,7.3777987800,7.4264008800,7.3291966800,7.4652825600,-1.300389,5255382,0
2019-04-19,7.3097558400,7.4069600400,7.1445087000,7.4361213000,-0.922268,8126250,0
2019-04-22,7.1639495400,7.2903150000,7.1639495400,7.3194762600,-1.994682,4252989,0
2019-04-23,7.1056270200,7.1736699600,7.0375840800,7.1931108000,-0.814110,3621677,0
2019-04-24,7.1347882800,7.1250678600,7.0473045000,7.1542291200,0.410400,2585751,0
2019-04-25,6.8723369400,7.1250678600,6.8626165200,7.1250678600,-3.678474,3524251,0
2019-04-26,7.1250678600,6.9501003000,6.9501003000,7.2514333200,3.677507,9454532,0
2019-04-29,7.1250678600,7.1347882800,7.0375840800,7.3291966800,0.000000,8789116,0
2019-04-30,7.4361213000,7.0667453400,6.9987024000,7.4458417200,4.365623,9558710,0
2019-05-06,6.8528961000,7.2319924800,6.7848531600,7.2417129000,-7.843136,10187509,0
2019-05-07,7.0570249200,6.8626165200,6.8626165200,7.0861861800,2.978724,6018878,0
2019-05-08,6.8626165200,6.9112186200,6.8140144200,7.0473045000,-2.754825,5065001,0
2019-05-09,6.6973693800,6.8334552600,6.6876489600,6.9598207200,-2.407933,4806060,0
2019-05-10,6.9501003000,6.7168102200,6.6682081200,6.9501003000,3.773588,5682003,0
2019-05-13,6.9889819800,6.9112186200,6.8917777800,7.0278636600,0.559440,3822380,0
2019-05-14,6.9112186200,6.8820573600,6.8626165200,6.9987024000,-1.112655,3377868,0
2019-05-15,7.6013684400,6.9501003000,6.9112186200,7.6013684400,9.985935,15918002,0
2019-05-16,7.9513035600,7.6985726400,7.6985726400,8.3206795200,4.603582,29186748,0
2019-05-17,7.8929810400,7.8152176800,7.7860564200,8.1943140600,-0.733501,20714041,0
2019-05-20,7.7763360000,7.9027014600,7.5624867600,8.0679486000,-1.477831,14696601,0
2019-05-21,8.2429161600,7.8443789400,7.8054972600,8.4762062400,5.999994,21684494,0
2019-05-22,7.9027014600,8.1943140600,7.8346585200,8.1943140600,-4.127352,13357983,0
2019-05-23,7.7860564200,7.8249381000,7.6499705400,7.8540993600,-1.476013,12054127,0
2019-05-24,7.5624867600,7.7568951600,7.3291966800,7.9901852400,-2.871411,17390621,0
2019-05-27,7.6208092800,7.4458417200,7.2417129000,7.6402501200,0.771208,11094313,0
2019-05-28,7.4652825600,7.5527663400,7.4361213000,7.6985726400,-2.040820,7882565,0
2019-05-29,7.4847234000,7.4458417200,7.3000354200,7.5624867600,0.260416,4962400,0
2019-05-30,7.1445087000,7.4166804600,7.0375840800,7.4750029800,-4.545454,10189445,0
2019-05-31,7.0375840800,7.1347882800,6.9792615600,7.1445087000,-1.496601,6811473,0
2019-06-03,6.9014982000,7.0084228200,6.8626165200,7.0959066000,-1.933700,5162543,0
2019-06-04,6.6779285400,6.9209390400,6.6682081200,6.9306594600,-3.239437,5735701,0
2019-06-05,6.6682081200,6.7168102200,6.6390468600,6.7945735800,-0.145557,3820510,0
2019-06-06,6.7070898000,6.6584877000,6.6293264400,6.7362510600,0.583090,4208600,0
2019-06-10,6.9029229000,6.7364694400,6.6679297800,6.9322970400,2.919712,4002444,0
2019-06-11,7.0400022200,6.8539660000,6.8343832400,7.0400022200,1.985814,4278395,0
2019-06-12,6.9029229000,7.0400022200,6.8735487600,7.0400022200,-1.947147,4179640,0
2019-06-13,6.9420884200,6.9029229000,6.8539660000,6.9518798000,0.567375,2262211,0
2019-06-14,6.7658435800,6.9420884200,6.7364694400,7.0106280800,-2.538791,2598800,0
2019-06-17,6.8637573800,6.7462608200,6.7266780600,6.8931315200,1.447183,3092195,0
2019-06-18,6.9518798000,6.8637573800,6.8441746200,6.9518798000,1.283875,2350239,0
2019-06-19,6.9812539400,7.0791677400,6.9616711800,7.1183332600,0.422538,2923496,0
2019-06-20,7.1183332600,7.0693763600,6.9518798000,7.1868729200,1.963533,4315387,0
2019-06-21,7.4904057000,7.0204194600,7.0204194600,7.5001970800,5.226962,10040005,0
2019-06-24,7.4806143200,7.3924919000,7.3924919000,7.6960246800,-0.130722,7498088,0
2019-06-25,7.5491539800,7.5785281200,7.5001970800,7.8233126200,0.916233,8746300,0
2019-06-26,7.7156074400,7.6666505400,7.5589453600,7.7841471000,2.204930,7019378,0
2019-06-27,7.7156074400,7.6666505400,7.6079022600,7.8135212400,0.000000,7997712,0
2019-06-28,7.6666505400,7.7351902000,7.6470677800,7.7939384800,-0.634520,4575204,0
2019-07-01,8.1660109200,7.8233126200,7.7351902000,8.2737161000,6.513413,11942437,0
2019-07-02,7.9995574600,8.1758023000,7.8722695200,8.3226730000,-2.038370,11331424,0
2019-07-03,7.8624781400,7.9799747000,7.8135212400,8.0191402200,-1.713591,6887874,0
2019-07-04,7.8820609000,7.8722695200,7.8428953800,8.1464281600,0.249072,8178950,0
2019-07-05,7.8526867600,7.9212264200,7.7939384800,8.0778885000,-0.372667,6306975,0
2019-07-08,7.6666505400,7.8037298600,7.4610315600,7.9114350400,-2.369084,8878449,0
2019-07-09,7.6764419200,7.7743557200,7.5687367400,7.8428953800,0.127717,6159400,0
2019-07-10,7.6079022600,7.6764419200,7.5491539800,8.0289316000,-0.892859,8056813,0
2019-07-11,7.5883195000,7.6372764000,7.5491539800,7.7449815800,-0.257400,5637643,0
2019-07-12,7.7156074400,7.5883195000,7.4316574200,7.7156074400,1.677421,6274830,0
2019-07-15,7.7449815800,7.6862333000,7.3924919000,7.7743557200,0.380707,7688778,0
2019-07-16,7.6568591600,7.6862333000,7.5981108800,7.7449815800,-1.137796,5048112,0
2019-07-17,7.5099884600,7.5883195000,7.4904057000,7.6666505400,-1.918160,3613254,0
2019-07-18,7.2456212000,7.4512401800,7.2162470600,7.5099884600,-3.520208,5122800,0
2019-07-19,7.2652039600,7.2652039600,7.2456212000,7.3337436200,0.270270,2541949,0
2019-07-22,7.1085418800,7.2652039600,7.0791677400,7.2652039600,-2.156332,2967810,0
2019-07-23,7.2652039600,7.1281246400,7.1183332600,7.2945781000,2.203855,2594976,0
2019-07-24,7.4316574200,7.2652039600,7.2652039600,7.4316574200,2.291106,2713045,0
2019-07-25,7.4610315600,7.4610315600,7.3729091400,7.5001970800,0.395253,2394949,0
2019-07-26,7.5099884600,7.4414488000,7.3924919000,7.5099884600,0.656200,2416600,0
2019-07-29,7.4708229400,7.4512401800,7.4316574200,7.5393626000,-0.521512,2462048,0
2019-07-30,7.6960246800,7.4414488000,7.4022832800,7.6960246800,3.014400,4217390,0
2019-07-31,7.7547729600,7.8722695200,7.6862333000,7.9995574600,0.763400,7536857,0
2019-08-01,7.6176936400,7.6470677800,7.5491539800,7.7058160600,-1.767700,4190159,0
2019-08-02,7.4414488000,7.2652039600,7.2652039600,7.6176936400,-2.313600,4352934,0
2019-08-05,7.3043694800,7.4414488000,7.2945781000,7.4708229400,-1.842100,3357001,0
2019-08-06,7.0791677400,7.1379160200,6.8833401400,7.2162470600,-3.083100,5525290,0
2019-08-07,7.0987505000,7.0791677400,7.0497936000,7.1966643000,0.276600,2447874,0
2019-08-08,7.1379160200,7.0987505000,7.0693763600,7.1672901600,0.551700,2271600,0
2019-08-09,7.0106280800,7.1672901600,6.9616711800,7.3141608600,-1.783300,4090814,0
2019-08-12,7.4218660400,7.1379160200,7.0595849800,7.4512401800,5.865900,6478569,0
2019-08-13,7.4708229400,7.3141608600,7.3043694800,7.4904057000,0.659600,4919817,0
2019-08-14,7.5197798400,7.5785281200,7.4904057000,7.6568591600,0.655300,5379840,0
2019-08-15,7.6862333000,7.3533263800,7.3141608600,7.7547729600,2.213500,8532166,0
2019-08-16,7.6764419200,7.7351902000,7.6079022600,7.7351902000,-0.127400,5087612,0
2019-08-19,7.8331040000,7.6960246800,7.6470677800,7.8624781400,2.040800,6152195,0
2019-08-20,7.7645643400,7.8135212400,7.7351902000,7.9016436600,-0.875000,4051076,0
2019-08-21,7.7743557200,7.7743557200,7.7547729600,7.8918522800,0.126100,3620410,0
2019-08-22,8.0191402200,7.7939384800,7.7449815800,8.0583057400,3.148600,8412598,0
2019-08-23,8.3912126600,8.0778885000,8.0289316000,8.5380833600,4.639800,15444791,0
2019-08-26,8.2443419600,8.6947454400,8.1268454000,8.6947454400,-1.750300,14105856,0
2019-08-27,8.2247592000,8.2737161000,8.2247592000,8.4401695600,-0.237500,8746761,0
2019-08-28,8.3030902400,8.1562195400,8.1562195400,8.4597523200,0.952400,7578101,0
2019-08-29,8.2737161000,8.3618385200,8.1562195400,8.4107954200,-0.353800,6607788,0
2019-08-30,8.0191402200,8.3128816200,7.9212264200,8.3520471400,-3.076900,11653370,0
2019-09-02,8.3422557600,8.0583057400,7.9897660800,8.5087092200,4.029300,12389817,0
2019-09-03,8.2541333400,8.3912126600,8.1758023000,8.3912126600,-1.056300,7443057,0
2019-09-04,8.2835074800,8.2541333400,8.1170540200,8.2835074800,0.355900,6865831,0
2019-09-05,8.2737161000,8.3128816200,8.2541333400,8.4989178400,-0.118200,10305263,0
2019-09-06,8.3128816200,8.2737161000,8.2345505800,8.3716299000,0.473400,6215307,0
2019-09-09,8.3520471400,8.3814212800,8.2737161000,8.4205868000,0.471100,8189330,0
2019-09-10,8.2737161000,8.3520471400,8.1758023000,8.3716299000,-0.937900,7080072,0
2019-09-11,8.1758023000,8.3030902400,8.1758023000,8.3128816200,-1.183400,4755196,0
2019-09-12,8.2149678200,8.1953850600,8.1366367800,8.2345505800,0.479000,4164312,0
2019-09-16,8.2247592000,8.2443419600,8.1660109200,8.2541333400,0.119200,4042800,0
2019-09-17,8.3030902400,8.2541333400,8.2247592000,8.6457885400,0.952400,19666914,0
2019-09-18,8.0974712600,8.3520471400,8.0387229800,8.3716299000,-2.476400,10499389,0
2019-09-19,8.1660109200,8.0974712600,8.0876798800,8.2051764400,0.846400,3870280,0
2019-09-20,8.7828678600,8.1660109200,8.1660109200,8.9003644200,7.554000,17566109,0
2019-09-23,9.1255661600,8.8122420000,8.5674575000,9.2724368600,3.901900,23813166,0
2019-09-24,8.8514075200,9.0080696000,8.7045368200,9.1255661600,-3.004300,18375663,0
2019-09-25,8.6164144000,8.8122420000,8.5576661200,8.8122420000,-2.654900,8803200,0
2019-09-26,8.7828678600,8.6164144000,8.5087092200,8.7926592400,1.931800,10210207,0
2019-09-27,8.7339109600,8.7437023400,8.5674575000,9.0570265000,-0.557400,15535172,0
2019-09-30,9.0472351200,8.8709902800,8.7241195800,9.1647316800,3.587400,13444926,0
2019-10-08,9.4780558400,9.0080696000,8.9689040800,9.6836748200,4.761900,18616428,0
2019-10-09,9.3116023800,9.4780558400,9.0570265000,9.4780558400,-1.756200,14296433,0
2019-10-10,9.3899334200,9.2038972000,9.1549403000,9.4486817000,0.841200,11233973,0
2019-10-11,9.0961920200,9.3213937600,9.0570265000,9.5661782600,-3.128300,18304400,0
2019-10-14,9.0668178800,9.1647316800,8.9786954600,9.2724368600,-0.322900,14341100,0
2019-10-15,9.4388903200,9.0864006400,8.9591127000,9.4584730800,4.103700,14142573,0
2019-10-16,9.0374437400,9.3311851400,9.0276523600,9.3311851400,-4.253100,11777242,0
2019-10-17,8.7730764800,8.9591127000,8.7339109600,9.0864006400,-2.925200,10959700,0
2019-10-18,8.7828678600,8.8318247600,8.7632851000,8.8905730400,0.111600,5705831,0
2019-10-21,8.4205868000,8.6751626800,8.2639247200,8.7339109600,-4.124900,9083435,0
2019-10-22,8.5870402600,8.3814212800,8.3716299000,8.6262057800,1.976700,5183810,0
2019-10-23,8.3814212800,8.5185006000,8.3030902400,8.6359971600,-2.394500,7263155,0
2019-10-24,8.1758023000,8.3814212800,7.8918522800,8.3814212800,-2.453300,15401100,0
2019-10-25,8.1855936800,8.1855936800,8.0680971200,8.2345505800,0.119800,5859628,0
2019-10-28,8.2345505800,8.1366367800,8.1366367800,8.2835074800,0.598100,6990361,0
2019-10-29,8.2149678200,8.2345505800,8.1562195400,8.4205868000,-0.237800,8894886,0
2019-10-30,7.3924919000,7.9212264200,7.3924919000,7.9310178000,-10.011900,23243804,0
2019-10-31,7.2945781000,7.3631177600,7.2749953400,7.4806143200,-1.324500,7599900,0
2019-11-01,7.3141608600,7.1966643000,7.1868729200,7.3924919000,0.268500,7775600,0
2019-11-04,7.2749953400,7.3141608600,7.2162470600,7.3729091400,-0.535500,7181600,0
2019-11-05,7.2554125800,7.2554125800,7.1379160200,7.3239522400,-0.269200,6701700,0
2019-11-06,7.2847867200,7.2456212000,7.1966643000,7.3924919000,0.404900,6263713,0
2019-11-07,7.2260384400,7.2945781000,7.1868729200,7.3631177600,-0.806500,6457483,0
2019-11-08,7.2945781000,7.2652039600,7.1966643000,7.3239522400,0.948500,6643632,0
2019-11-11,6.9714625600,7.2652039600,6.9518798000,7.2652039600,-4.429500,8218300,0
2019-11-12,7.0497936000,6.9812539400,6.8539660000,7.0889591200,1.123600,4433236,0
2019-11-13,7.0595849800,7.1085418800,7.0302108400,7.1770815400,0.138900,4385498,0
2019-11-14,7.0302108400,7.0889591200,6.9714625600,7.0987505000,-0.416100,3692746,0
2019-11-15,6.9322970400,7.0693763600,6.9225056600,7.0791677400,-1.392800,3571601,0
2019-11-18,6.9714625600,6.9127142800,6.8931315200,7.0008367000,0.565000,2427592,0
2019-11-19,7.1281246400,6.9518798000,6.9518798000,7.1281246400,2.247200,3537697,0
2019-11-20,7.0106280800,7.1183332600,6.9910453200,7.1672901600,-1.648400,3773318,0
2019-11-21,6.9714625600,7.0106280800,6.9420884200,7.0595849800,-0.558700,4160482,0
2019-11-22,7.0497936000,6.9812539400,6.9420884200,7.0693763600,1.123600,4739146,0
2019-11-25,7.0987505000,7.0400022200,6.9714625600,7.1085418800,0.694400,4458664,0
2019-11-26,7.2260384400,7.1966643000,7.1574987800,7.4708229400,1.793100,21565053,0
2019-11-27,6.9225056600,7.1281246400,6.8833401400,7.1281246400,-4.200500,16292150,0
2019-11-28,6.9029229000,6.9518798000,6.8833401400,6.9616711800,-0.282900,4313600,0
2019-11-29,6.9127142800,6.9127142800,6.8931315200,6.9420884200,0.141800,3456020,0
2019-12-02,6.7462608200,6.9029229000,6.7266780600,6.9420884200,-2.407900,8974629,0
2019-12-03,7.0302108400,6.7462608200,6.6875125400,7.0693763600,4.209000,9926308,0
2019-12-04,7.0889591200,6.9518798000,6.8931315200,7.1868729200,0.835700,9197630,0
2019-12-05,7.0987505000,7.1281246400,7.0595849800,7.1281246400,0.138100,4579375,0
2019-12-06,7.0889591200,7.0987505000,7.0302108400,7.1281246400,-0.137900,4530701,0
2019-12-09,7.0889591200,7.0889591200,7.0497936000,7.1183332600,0.000000,3523200,0
2019-12-10,7.0987505000,7.0987505000,7.0106280800,7.0987505000,0.138100,3965932,0
2019-12-11,7.0693763600,7.1085418800,7.0595849800,7.1183332600,-0.413800,3125331,0
2019-12-12,6.9714625600,7.0595849800,6.9714625600,7.0791677400,-1.385000,3830498,0
2019-12-13,7.0595849800,7.0302108400,7.0008367000,7.0791677400,1.264000,5034923,0
2019-12-16,7.2554125800,7.0791677400,7.0791677400,7.2652039600,2.773900,8697832,0
2019-12-17,7.3141608600,7.3435350000,7.2064556800,7.3631177600,0.809700,9060719,0
2019-12-18,7.2456212000,7.3141608600,7.2260384400,7.3435350000,-0.937100,9409339,0
2019-12-19,7.3337436200,7.2456212000,7.2162470600,7.3435350000,1.216200,6342073,0
2019-12-20,7.3827005200,7.4512401800,7.3533263800,7.5883195000,0.667600,13900499,0
2019-12-23,7.2064556800,7.3435350000,7.1966643000,7.4904057000,-2.387300,8461455,0
2019-12-24,7.2945781000,7.2064556800,7.2064556800,7.3043694800,1.222800,5378495,0
2019-12-25,7.2749953400,7.3141608600,7.2064556800,7.3141608600,-0.268500,5090205,0
2019-12-26,7.2945781000,7.2652039600,7.2456212000,7.3239522400,0.269200,5905675,0
2019-12-27,7.2652039600,7.2945781000,7.2554125800,7.3533263800,-0.402700,5212329,0
2019-12-30,7.2749953400,7.1966643000,7.1183332600,7.2847867200,0.134800,5945307,0
2019-12-31,7.3533263800,7.2749953400,7.2652039600,7.3631177600,1.076700,6807019,0
