date,close,open,low,high,pctChg,volume,isST
2019-01-02,7.3519016000,7.6266505000,7.3045311000,7.6550728000,-3.602484,27496102,0
2019-01-03,7.3424275000,7.3424275000,7.2476865000,7.4466426000,-0.128869,20057921,0
2019-01-04,7.3897980000,7.3329534000,7.3045311000,7.4750649000,0.645164,18360129,0
2019-01-07,7.4845390000,7.4087462000,7.3897980000,7.4940131000,1.282050,17458875,0
2019-01-08,7.5982282000,7.4276944000,7.3897980000,7.5982282000,1.518992,17754038,0
2019-01-09,7.4466426000,7.5982282000,7.4466426000,7.6266505000,-1.995016,18652248,0
2019-01-10,7.4466426000,7.4087462000,7.3992721000,7.4940131000,0.000000,12843958,0
2019-01-11,7.2950570000,7.4371685000,7.2382124000,7.4371685000,-2.035628,19837478,0
2019-01-14,7.3234793000,7.3424275000,7.2192642000,7.3519016000,0.389613,13927995,0
2019-01-15,7.4087462000,7.3140052000,7.2476865000,7.4371685000,1.164297,12265461,0
2019-01-16,7.5508577000,7.3992721000,7.3992721000,7.5982282000,1.918154,13949156,0
2019-01-17,7.6361246000,7.5982282000,7.5982282000,7.7877102000,1.129243,16978597,0
2019-01-18,7.9108735000,7.7213915000,7.6740210000,7.9582440000,3.598014,36160534,0
2019-01-21,7.8729771000,7.9582440000,7.7782361000,8.0529850000,-0.479042,35420353,0
2019-01-22,7.7687620000,7.9108735000,7.7403397000,7.9392958000,-1.323714,17341905,0
2019-01-23,7.8350807000,7.8540289000,7.7498138000,7.9108735000,0.853666,17605354,0
2019-01-24,7.8540289000,7.8540289000,7.7687620000,7.9013994000,0.241832,14859343,0
2019-01-25,7.8066584000,7.8635030000,7.7687620000,8.0150886000,-0.603139,21374441,0
2019-01-28,7.7877102000,7.8350807000,7.7498138000,7.9392958000,-0.242712,17831749,0
2019-01-29,7.8824512000,7.8350807000,7.7403397000,7.8919253000,1.216538,13258063,0
2019-01-30,7.7119174000,7.8540289000,7.6740210000,7.8824512000,-2.163454,18077279,0
2019-01-31,7.7024433000,7.7308656000,7.6929692000,7.8540289000,-0.122853,17544436,0
2019-02-01,7.8350807000,7.7403397000,7.7403397000,7.8445548000,1.722021,14116509,0
2019-02-11,7.8919253000,7.8350807000,7.8161325000,7.9771922000,0.725507,21708712,0
2019-02-12,8.1287778000,7.9392958000,7.8445548000,8.1666742000,3.001201,30441519,0
2019-02-13,8.1193037000,8.0814073000,8.0340368000,8.1572001000,-0.116553,20858881,0
2019-02-14,8.0719332000,8.1193037000,8.0245627000,8.1193037000,-0.583422,15517957,0
2019-02-15,7.9677181000,8.0435109000,7.9487699000,8.0908814000,-1.291087,16694282,0
2019-02-18,8.0056145000,8.0056145000,7.9582440000,8.0814073000,0.475624,33572092,0
2019-02-19,7.8729771000,8.0340368000,7.7877102000,8.0340368000,-1.656798,36323888,0
2019-02-20,7.9298217000,7.8824512000,7.8066584000,7.9392958000,0.722015,22335790,0
2019-02-21,7.7971843000,7.8729771000,7.7971843000,7.9298217000,-1.672644,32854409,0
2019-02-22,7.8350807000,7.7782361000,7.7308656000,7.8824512000,0.486038,26048363,0
2019-02-25,8.0056145000,7.8445548000,7.8066584000,8.0150886000,2.176534,60860124,0
2019-02-26,7.9108735000,7.9582440000,7.8919253000,8.0435109000,-1.183425,51386154,0
2019-02-27,7.8256066000,7.8824512000,7.8066584000,7.9582440000,-1.077846,40215721,0
2019-02-28,7.6550728000,7.8256066000,7.6455987000,7.8256066000,-2.179180,53653055,0
2019-03-01,7.7119174000,7.6740210000,7.5698059000,7.7308656000,0.742579,42514467,0
2019-03-04,7.7782361000,7.7119174000,7.6645469000,7.8729771000,0.859947,56919103,0
2019-03-05,7.8540289000,7.8161325000,7.7782361000,7.8919253000,0.974420,56790801,0
2019-03-06,7.9866663000,7.8729771000,7.7877102000,8.0245627000,1.688786,70846108,0
2019-03-07,7.9013994000,7.9961404000,7.8824512000,8.0435109000,-1.067617,49539761,0
2019-03-08,7.6740210000,7.8729771000,7.6455987000,7.8729771000,-2.877695,47779068,0
2019-03-11,7.7213915000,7.6929692000,7.6077023000,7.7592879000,0.617274,40155376,0
2019-03-12,7.9013994000,7.7213915000,7.7024433000,7.9961404000,2.331295,60033873,0
2019-03-13,7.8066584000,7.8635030000,7.7308656000,7.8824512000,-1.199045,34677810,0
2019-03-14,7.6929692000,7.7877102000,7.6455987000,7.7971843000,-1.456309,26724299,0
2019-03-15,7.6834951000,7.7119174000,7.6550728000,7.7782361000,-0.123156,24806260,0
2019-03-18,7.9108735000,7.8635030000,7.7687620000,7.9392958000,2.959319,43828842,0
2019-03-19,8.0435109000,7.9108735000,7.8635030000,8.1098296000,1.676639,49927466,0
2019-03-20,8.0814073000,8.0435109000,7.9771922000,8.1193037000,0.471142,35973865,0
2019-03-21,8.0340368000,8.0529850000,7.9961404000,8.0908814000,-0.586169,38414562,0
2019-03-22,8.0624591000,8.0150886000,7.8919253000,8.0624591000,0.353782,27392251,0
2019-03-25,7.9582440000,7.9677181000,7.9203476000,8.0719332000,-1.292604,22666796,0
2019-03-26,7.7971843000,7.9392958000,7.7877102000,7.9866663000,-2.023811,18586494,0
2019-03-27,7.7024433000,7.7971843000,7.6834951000,7.8635030000,-1.215060,28040571,0
2019-03-28,7.7308656000,7.7119174000,7.6645469000,7.7498138000,0.369000,23489162,0
2019-03-29,7.8635030000,7.7687620000,7.6550728000,7.9013994000,1.715690,46357583,0
2019-04-01,7.9582440000,7.8824512000,7.8729771000,8.0056145000,1.204812,57503319,0
2019-04-02,7.9203476000,7.9582440000,7.9013994000,8.0340368000,-0.476190,39674795,0
2019-04-03,8.2045706000,7.9108735000,7.8824512000,8.2140447000,3.588519,59878332,0
2019-04-04,8.1666742000,8.2424670000,8.1477260000,8.2803634000,-0.461893,41854437,0
2019-04-08,8.2708893000,8.2329929000,8.1382519000,8.3277339000,1.276098,50488603,0
2019-04-09,8.2045706000,8.2708893000,8.1477260000,8.2898375000,-0.801829,27135398,0
2019-04-10,8.3561562000,8.1950965000,8.1003555000,8.3656303000,1.847573,39643965,0
2019-04-11,8.1950965000,8.3277339000,8.1950965000,8.4414231000,-1.927439,30281072,0
2019-04-12,8.5266900000,8.1477260000,8.1477260000,8.6119569000,4.046247,54994552,0
2019-04-15,8.3845785000,8.6214310000,8.3751044000,8.6593274000,-1.666662,39611496,0
2019-04-16,8.4130008000,8.3845785000,8.2235188000,8.4130008000,0.338980,30277769,0
2019-04-17,8.2993116000,8.3845785000,8.2614152000,8.3940526000,-1.351350,26440400,0
2019-04-18,8.0435109000,8.1477260000,7.9677181000,8.1761483000,-3.082197,48628238,0
2019-04-19,8.0814073000,8.0150886000,7.9961404000,8.1003555000,0.471142,20430915,0
2019-04-22,7.9677181000,8.0814073000,7.9582440000,8.1003555000,-1.406798,27765685,0
2019-04-23,7.9108735000,7.9961404000,7.8729771000,7.9961404000,-0.713430,27099527,0
2019-04-24,7.8919253000,7.9013994000,7.7971843000,7.9203476000,-0.239526,24800437,0
2019-04-25,7.7782361000,7.8540289000,7.7403397000,7.9392958000,-1.440575,22214041,0
2019-04-26,7.6455987000,7.7498138000,7.6361246000,7.8066584000,-1.705242,27017220,0
2019-04-29,7.6361246000,7.6645469000,7.6077023000,7.7971843000,-0.123907,25929236,0
2019-04-30,7.6645469000,7.6361246000,7.6077023000,7.7498138000,0.372205,21025909,0
2019-05-06,7.4466426000,7.5413836000,7.2476865000,7.5413836000,-2.843016,45471406,0
2019-05-07,7.3708498000,7.4182203000,7.2950570000,7.5034872000,-1.017811,37122535,0
2019-05-08,7.2855829000,7.2950570000,7.2003160000,7.3329534000,-1.156814,30776146,0
2019-05-09,7.1245232000,7.2192642000,7.1245232000,7.2571606000,-2.210664,20391189,0
2019-05-10,7.2761088000,7.1908419000,7.0961009000,7.3140052000,2.127657,23018191,0
2019-05-13,7.1529455000,7.2287383000,7.1339973000,7.2571606000,-1.692704,18335877,0
2019-05-14,7.1055750000,7.0771527000,7.0676786000,7.2003160000,-0.662254,19234339,0
2019-05-15,7.2003160000,7.1434714000,7.1245232000,7.2287383000,1.333332,13501679,0
2019-05-16,7.2476865000,7.2192642000,7.1718937000,7.2666347000,0.657897,22508388,0
2019-05-17,7.1055750000,7.2666347000,7.0866268000,7.2666347000,-1.960786,22824905,0
2019-05-20,6.8781966000,7.0771527000,6.8118779000,7.1055750000,-3.199997,31218238,0
2019-05-21,7.0487304000,6.8781966000,6.8687225000,7.0582045000,2.479337,14712966,0
2019-05-22,7.1624196000,7.0582045000,7.0297822000,7.2476865000,1.612902,19502649,0
2019-05-23,7.1718937000,7.1339973000,7.1245232000,7.2666347000,0.132278,13274968,0
2019-05-24,7.1624196000,7.1718937000,7.1245232000,7.2666347000,-0.132103,13706597,0
2019-05-27,7.2192642000,7.1908419000,7.1529455000,7.2476865000,0.793650,11515254,0
2019-05-28,7.2476865000,7.2287383000,7.1339973000,7.2571606000,0.393703,30314209,0
2019-05-29,7.1813678000,7.2003160000,7.1339973000,7.2382124000,-0.915035,12116563,0
2019-05-30,7.3613757000,7.1624196000,7.1339973000,7.4087462000,2.506597,21913515,0
2019-05-31,7.4561167000,7.3897980000,7.3424275000,7.4845390000,1.287000,18797585,0
2019-06-03,7.5319095000,7.4466426000,7.3992721000,7.5982282000,1.016517,28022171,0
2019-06-04,7.3708498000,7.5034872000,7.3424275000,7.5319095000,-2.138360,22694991,0
2019-06-05,7.4466426000,7.4276944000,7.4087462000,7.5508577000,1.028277,19400390,0
2019-06-06,7.3992721000,7.4561167000,7.3519016000,7.5319095000,-0.636135,18500925,0
2019-06-10,7.5508577000,7.3992721000,7.3992721000,7.5982282000,2.048654,22475918,0
2019-06-11,7.6645469000,7.5603318000,7.5603318000,7.6929692000,1.505651,21397933,0
2019-06-12,7.6361246000,7.6645469000,7.5603318000,7.6645469000,-0.370825,14145798,0
2019-06-13,7.5982282000,7.5982282000,7.5413836000,7.6740210000,-0.496277,10864691,0
2019-06-14,7.6361246000,7.6171764000,7.4845390000,7.6455987000,0.498753,19218740,0
2019-06-17,7.4845390000,7.6266505000,7.4371685000,7.6266505000,-1.985116,21780067,0
2019-06-18,7.5129613000,7.4750649000,7.4466426000,7.5603318000,0.379744,13635099,0
2019-06-19,7.5887541000,7.5982282000,7.5319095000,7.6361246000,1.008832,13603962,0
2019-06-20,7.7213915000,7.5887541000,7.5792800000,7.7782361000,1.747808,21617622,0
2019-06-21,7.6834951000,7.7971843000,7.6645469000,7.7971843000,-0.490797,18672109,0
2019-06-24,7.6171764000,7.6645469000,7.5887541000,7.6929692000,-0.863128,12097884,0
2019-06-25,7.5034872000,7.6266505000,7.4087462000,7.6361246000,-1.492536,17213859,0
2019-06-26,7.5034872000,7.4845390000,7.4371685000,7.5413836000,0.000000,14356814,0
2019-06-27,7.4940131000,7.5224354000,7.4655908000,7.5698059000,-0.126266,17527589,0
2019-06-28,7.3613757000,7.5319095000,7.3140052000,7.5319095000,-1.769910,22194191,0
2019-07-01,7.5413836000,7.4182203000,7.3992721000,7.5792800000,2.445303,23189114,0
2019-07-02,7.7971843000,7.5319095000,7.5129613000,7.8161325000,3.391953,30452797,0
2019-07-03,7.8540289000,7.8066584000,7.7403397000,7.8919253000,0.729045,23420848,0
2019-07-04,7.8256066000,7.8824512000,7.7971843000,7.8919253000,-0.361879,17939102,0
2019-07-05,7.9298217000,7.8635030000,7.7971843000,7.9487699000,1.331715,21658710,0
2019-07-08,7.7119174000,7.9013994000,7.6645469000,7.9203476000,-2.747904,17027733,0
2019-07-09,7.7403397000,7.7498138000,7.6455987000,7.7877102000,0.368547,14153477,0
2019-07-10,7.7782361000,7.7877102000,7.7308656000,7.8161325000,0.489596,8307360,0
2019-07-11,7.7971843000,7.7782361000,7.7308656000,7.8161325000,0.243599,8611411,0
2019-07-12,7.8824512000,7.8350807000,7.8161325000,7.9392958000,1.093562,15414090,0
2019-07-15,7.9487699000,7.8729771000,7.8066584000,7.9677181000,0.841354,12017379,0
2019-07-16,7.8161325000,7.9392958000,7.7687620000,7.9487699000,-1.668657,15156451,0
2019-07-17,7.7687620000,7.8161325000,7.7403397000,7.8445548000,-0.606063,9766051,0
2019-07-18,7.7403397000,7.7687620000,7.6929692000,7.7877102000,-0.365850,9030327,0
2019-07-19,7.7782361000,7.7782361000,7.7119174000,7.8256066000,0.489596,10679110,0
2019-07-22,7.8256066000,7.7782361000,7.6455987000,7.8919253000,0.609016,12605533,0
2019-07-23,8.0719332000,7.8161325000,7.7971843000,8.1098296000,3.147702,23579851,0
2019-07-24,7.9771922000,8.1003555000,7.9487699000,8.1382519000,-1.173713,25403475,0
2019-07-25,8.0435109000,7.9866663000,7.9487699000,8.0624591000,0.831350,11621718,0
2019-07-26,8.1287778000,8.0340368000,7.9677181000,8.1477260000,1.060100,22443870,0
2019-07-29,8.1572001000,8.1287778000,8.0908814000,8.2235188000,0.349647,28415005,0
2019-07-30,8.1960927900,8.2447054400,8.1572026700,8.2641505000,0.476800,17946199,0
2019-07-31,8.2835955600,8.2349829100,8.2155378500,8.3419307400,1.067600,19878207,0
2019-08-01,8.4002659200,8.2835955600,8.2058153200,8.4683236300,1.408400,26162057,0
2019-08-02,8.4391560400,8.3224856800,8.2447054400,8.4586011000,0.463000,25805811,0
2019-08-05,8.3030406200,8.4002659200,8.2544279700,8.5169362800,-1.612900,29845215,0
2019-08-06,8.2933180900,8.2252603800,8.1572026700,8.3516532700,-0.117100,25677060,0
2019-08-07,8.5072137500,8.2835955600,8.2835955600,8.7211094100,2.579100,28430448,0
2019-08-08,8.5558264000,8.5072137500,8.3905433900,8.5947165200,0.571400,20054365,0
2019-08-09,8.4488785700,8.5363813400,8.4391560400,8.5752714600,-1.250000,13759966,0
2019-08-12,8.4002659200,8.4780461600,8.1960927900,8.5072137500,-0.575400,18368784,0
2019-08-13,8.4099884500,8.3419307400,8.2641505000,8.5169362800,0.115700,14737200,0
2019-08-14,8.5461038700,8.4683236300,8.4294335100,8.5849939900,1.618500,16111683,0
2019-08-15,8.7211094100,8.4683236300,8.4586011000,8.7891671200,2.047800,27272139,0
2019-08-16,8.6433291700,8.7405544700,8.6141615800,8.7697220600,-0.891900,15171062,0
2019-08-19,8.9933402500,8.6724967600,8.6627742300,9.0322303700,4.049500,28153593,0
2019-08-20,8.9058374800,8.9933402500,8.8669473600,9.0225078400,-0.973000,21602085,0
2019-08-21,8.8280572400,8.8669473600,8.7697220600,8.9058374800,-0.873400,15145922,0
2019-08-22,8.9447276000,8.7599995300,8.7502770000,8.9738951900,1.321600,16747063,0
2019-08-23,9.0419529000,8.9350050700,8.9058374800,9.1586232600,1.087000,27116968,0
2019-08-26,9.3530738600,9.1197331400,9.0516754300,9.3822414500,3.440900,35072693,0
2019-08-27,9.6253047000,9.3530738600,9.2752936200,9.6836398800,2.910600,39496202,0
2019-08-28,9.5766920500,9.6641948200,9.5475244600,9.6933624100,-0.505000,21145834,0
2019-08-29,9.4794667500,9.5766920500,9.4114090400,9.7030849400,-1.015200,23902594,0
2019-08-30,9.4211315700,9.5378019300,9.3044612100,9.6447497600,-0.615400,25103246,0
2019-09-02,9.5183568700,9.4794667500,9.4405766300,9.6739173500,1.032000,31488266,0
2019-09-03,9.5766920500,9.5280794000,9.4794667500,9.6350272300,0.612900,27463716,0
2019-09-04,9.2072359100,9.6058596400,9.1100106100,9.6155821700,-3.857900,43272631,0
2019-09-05,9.1002880800,9.2364035000,9.0808430200,9.4600216900,-1.161600,38694036,0
2019-09-06,9.0808430200,9.1489007300,8.9447276000,9.1975133800,-0.213700,22833143,0
2019-09-09,9.0905655500,9.2169584400,9.0419529000,9.2364035000,0.107100,23740593,0
2019-09-10,9.0711204900,9.1100106100,9.0322303700,9.1586232600,-0.213900,18201707,0
2019-09-11,9.0419529000,9.0808430200,8.9933402500,9.1197331400,-0.321500,17542239,0
2019-09-12,9.0030627800,9.0613979600,8.9155600100,9.1002880800,-0.430100,20047068,0
2019-09-16,9.0127853100,9.0613979600,8.9738951900,9.0613979600,0.108000,15351257,0
2019-09-17,8.7891671200,9.0225078400,8.7502770000,9.0322303700,-2.481100,22510684,0
2019-09-18,8.9836177200,8.7891671200,8.7891671200,9.0711204900,2.212400,35100878,0
2019-09-19,8.9155600100,9.0225078400,8.8669473600,9.0225078400,-0.757600,18035326,0
2019-09-20,9.2169584400,8.8669473600,8.8669473600,9.2169584400,3.380600,31062407,0
2019-09-23,9.0322303700,9.2169584400,9.0030627800,9.2169584400,-2.004200,18156469,0
2019-09-24,9.1586232600,9.0905655500,9.0711204900,9.2266809700,1.399400,13568742,0
2019-09-25,9.0225078400,9.1489007300,8.9933402500,9.1489007300,-1.486200,15982704,0
2019-09-26,9.0127853100,9.0808430200,8.9447276000,9.2558485600,-0.107800,22267364,0
2019-09-27,8.7308319400,9.0808430200,8.6724967600,9.0808430200,-3.128400,23811452,0
2019-09-30,8.7599995300,8.7502770000,8.7405544700,8.9155600100,0.334100,15940059,0
2019-10-08,9.0516754300,8.7599995300,8.7599995300,9.0808430200,3.329600,19682052,0
2019-10-09,8.7794445900,9.0516754300,8.6724967600,9.0516754300,-3.007500,24534776,0
2019-10-10,8.7599995300,8.7891671200,8.6822192900,8.8377797700,-0.221500,18937075,0
2019-10-11,8.8086121800,8.8475023000,8.7697220600,8.8669473600,0.554900,15198954,0
2019-10-14,8.7988896500,8.8280572400,8.7599995300,8.8766698900,-0.110400,13637144,0
2019-10-15,8.6044390500,8.8183347100,8.5752714600,8.8183347100,-2.209900,17063774,0
2019-10-16,8.5752714600,8.5849939900,8.5266588100,8.6724967600,-0.339000,12474984,0
2019-10-17,8.4974912200,8.5558264000,8.4099884500,8.5655489300,-0.907000,19603427,0
2019-10-18,8.4294335100,8.5266588100,8.4197109800,8.6044390500,-0.800900,14060286,0
2019-10-21,8.6044390500,8.4586011000,8.3710983300,8.6433291700,2.076100,12795345,0
2019-10-22,8.4780461600,8.6433291700,8.4197109800,8.6433291700,-1.468900,16104592,0
2019-10-23,8.3322082100,8.4877686900,8.2835955600,8.5169362800,-1.720200,16249580,0
2019-10-24,8.2933180900,8.3419307400,8.2641505000,8.4002659200,-0.466700,13146697,0
2019-10-25,8.3322082100,8.3419307400,8.2155378500,8.3516532700,0.468900,13049777,0
2019-10-28,8.3322082100,8.2933180900,8.2641505000,8.4099884500,0.000000,11441759,0
2019-10-29,8.2155378500,8.3322082100,8.1863702600,8.3322082100,-1.400200,11768473,0
2019-10-30,8.3710983300,8.1960927900,8.1280350800,8.4002659200,1.893500,17140593,0
2019-10-31,8.1085900200,8.3322082100,8.0405323100,8.3905433900,-3.135900,28540930,0
2019-11-01,8.3127631500,8.1085900200,8.0502548400,8.3613758000,2.518000,36361901,0
2019-11-04,8.4099884500,8.3419307400,8.3224856800,8.4488785700,1.169600,22896785,0
2019-11-05,8.4586011000,8.4099884500,8.3030406200,8.4877686900,0.578000,20989950,0
2019-11-06,8.4683236300,8.4488785700,8.3905433900,8.5849939900,0.114900,15713648,0
2019-11-07,8.4099884500,8.4586011000,8.3808208600,8.5461038700,-0.688900,15261435,0
2019-11-08,8.4099884500,8.4294335100,8.4099884500,8.5363813400,0.000000,22332663,0
2019-11-11,8.3808208600,8.4099884500,8.3127631500,8.4974912200,-0.346800,20328301,0
2019-11-12,8.4002659200,8.3710983300,8.3030406200,8.4391560400,0.232000,13838711,0
2019-11-13,8.3322082100,8.4002659200,8.2641505000,8.4391560400,-0.810200,10701074,0
2019-11-14,8.2447054400,8.3030406200,8.1377576100,8.4002659200,-1.050200,16756674,0
2019-11-15,8.0599773700,8.2155378500,7.9919196600,8.2155378500,-2.240600,26008015,0
2019-11-18,8.0405323100,8.0113647200,7.9919196600,8.0891449600,-0.241200,14382071,0
2019-11-19,8.0308097800,8.0405323100,7.9724746000,8.0891449600,-0.120900,21616882,0
2019-11-20,7.8169141200,8.0502548400,7.7780240000,8.0599773700,-2.663400,28164483,0
2019-11-21,8.1474801400,7.8363591800,7.8266366500,8.2252603800,4.228900,41442536,0
2019-11-22,8.1960927900,8.1669252000,8.0599773700,8.2155378500,0.596700,24186062,0
2019-11-25,8.3322082100,8.2058153200,8.1377576100,8.3613758000,1.660700,21866598,0
2019-11-26,8.2835955600,8.3613758000,8.2447054400,8.3808208600,-0.583400,24309482,0
2019-11-27,8.4197109800,8.2835955600,8.2641505000,8.4974912200,1.643200,15575054,0
2019-11-28,8.1960927900,8.4391560400,8.1863702600,8.4488785700,-2.655900,13254490,0
2019-11-29,8.1377576100,8.1766477300,8.0696999000,8.2933180900,-0.711700,15285811,0
2019-12-02,8.4099884500,8.1474801400,8.1474801400,8.4391560400,3.345300,25766998,0
2019-12-03,8.3808208600,8.4099884500,8.2933180900,8.4197109800,-0.346800,17185887,0
2019-12-04,8.3613758000,8.3322082100,8.2447054400,8.4197109800,-0.232000,17801245,0
2019-12-05,8.5947165200,8.4586011000,8.4099884500,8.7113868800,2.790700,28607676,0
2019-12-06,8.5558264000,8.6433291700,8.5072137500,8.6724967600,-0.452500,14567177,0
2019-12-09,8.5558264000,8.5266588100,8.4586011000,8.6238841100,0.000000,13078172,0
2019-12-10,8.5169362800,8.5169362800,8.4683236300,8.5947165200,-0.454500,12167131,0
2019-12-11,8.4974912200,8.5461038700,8.4391560400,8.5461038700,-0.228300,12928343,0
2019-12-12,8.4586011000,8.4780461600,8.4586011000,8.5363813400,-0.457700,10765503,0
2019-12-13,8.5947165200,8.4877686900,8.4683236300,8.7016643500,1.609200,17260344,0
2019-12-16,8.6141615800,8.6336066400,8.5752714600,8.7113868800,0.226200,15691829,0
2019-12-17,8.5947165200,8.6141615800,8.4877686900,8.6433291700,-0.225700,22468674,0
2019-12-18,8.4780461600,8.5849939900,8.4683236300,8.6141615800,-1.357500,21113045,0
2019-12-19,8.5461038700,8.4586011000,8.4586011000,8.5655489300,0.802700,11317765,0
2019-12-20,8.4974912200,8.5363813400,8.4683236300,8.5558264000,-0.568800,19547589,0
2019-12-23,8.4877686900,8.5266588100,8.4586011000,8.5655489300,-0.114400,21882109,0
2019-12-24,8.4002659200,8.4877686900,8.2835955600,8.4974912200,-1.030900,15667422,0
2019-12-25,8.4002659200,8.3808208600,8.3322082100,8.4488785700,0.000000,8498740,0
2019-12-26,8.5461038700,8.4294335100,8.3710983300,8.5849939900,1.736100,11593395,0
2019-12-27,8.6433291700,8.5169362800,8.4974912200,8.6919418200,1.137700,20368666,0
2019-12-30,8.8961149500,8.6336066400,8.6336066400,8.9252825400,2.924600,26712484,0
2019-12-31,8.9252825400,8.8961149500,8.8669473600,8.9738951900,0.327900,17803362,0
