date,close,open,low,high,pctChg,volume,isST
2019-01-02,7.6163857000,7.6757341600,7.5768200600,7.7350826200,-0.516795,395000,0
2019-01-03,7.5174716000,7.5867114700,7.4680145500,7.6856255700,-1.298700,583900,0
2019-01-04,7.6955169800,7.4976887800,7.4086660900,7.7054083900,2.368425,783649,0
2019-01-07,7.8339967200,7.7647568500,7.7054083900,7.8834537700,1.799484,1299849,0
2019-01-08,7.8241053100,7.8043224900,7.7647568500,7.8636709500,-0.126266,655900,0
2019-01-09,7.8339967200,7.8438881300,7.7647568500,7.9428022300,0.126425,1178400,0
2019-01-10,7.7845396700,7.7251912100,7.7152998000,7.9032365900,-0.631316,1070223,0
2019-01-11,7.8339967200,7.7845396700,7.7746482600,7.8735623600,0.635326,540051,0
2019-01-14,7.7647568500,7.8636709500,7.7350826200,7.8933451800,-0.883841,592100,0
2019-01-15,7.8636709500,7.7746482600,7.7449740300,7.9724764600,1.273884,1341251,0
2019-01-16,7.8339967200,7.8636709500,7.8142139000,7.8933451800,-0.377355,786600,0
2019-01-17,7.7152998000,7.8241053100,7.7152998000,7.8537795400,-1.515150,789800,0
2019-01-18,7.8043224900,7.7548654400,7.7251912100,7.8241053100,1.153842,604300,0
2019-01-21,7.8834537700,7.8241053100,7.7944310800,7.9526936400,1.013941,839000,0
2019-01-22,7.6262771100,7.8735623600,7.5669286500,7.8933451800,-3.262230,1673549,0
2019-01-23,7.3592090400,7.6460599300,7.3097519900,7.6460599300,-3.501945,3548300,0
2019-01-24,7.3987746800,7.3691004500,7.2800777600,7.4185575000,0.537634,2317800,0
2019-01-25,7.3394262200,7.3592090400,7.2998605800,7.3987746800,-0.802138,1167700,0
2019-01-28,7.2602949400,7.3789918600,7.2504035300,7.3987746800,-1.078166,1123500,0
2019-01-29,7.0822495600,7.2504035300,6.7261588000,7.2504035300,-2.452320,1581123,0
2019-01-30,7.0327925100,7.0723581500,7.0130096900,7.1712722500,-0.698320,824623,0
2019-01-31,7.0229011000,7.0525753300,6.9635526400,7.1712722500,-0.140650,984151,0
2019-02-01,7.0822495600,7.0130096900,7.0130096900,7.1613808400,0.845070,1005381,0
2019-02-11,7.2306207100,7.1218152000,7.0723581500,7.3592090400,2.094973,1502144,0
2019-02-12,7.3097519900,7.2207293000,7.1910550700,7.3493176300,1.094390,1405273,0
2019-02-13,7.4482317300,7.3196434000,7.2800777600,7.4680145500,1.894457,1458173,0
2019-02-14,7.4680145500,7.4482317300,7.3987746800,7.5273630100,0.265604,1265844,0
2019-02-15,7.4680145500,7.4086660900,7.3987746800,7.5570372400,0.000000,1019000,0
2019-02-18,7.6757341600,7.4680145500,7.4680145500,7.6757341600,2.781457,1405922,0
2019-02-19,7.7944310800,7.6955169800,7.5570372400,7.7944310800,1.546390,2503266,0
2019-02-20,7.7152998000,7.7746482600,7.6262771100,7.8834537700,-1.015227,1957774,0
2019-02-21,7.6856255700,7.6757341600,7.6460599300,7.8043224900,-0.384618,1863300,0
2019-02-22,7.9230194100,7.6856255700,7.6559513400,7.9526936400,3.088806,2800900,0
2019-02-25,8.1801960700,7.8834537700,7.8834537700,8.1801960700,3.245945,3148208,0
2019-02-26,8.1307390200,8.1307390200,8.0516077400,8.3285672200,-0.604597,2992998,0
2019-02-27,8.0911733800,8.1109562000,8.0318249200,8.3483500400,-0.486617,1953200,0
2019-02-28,8.1801960700,8.0911733800,8.0911733800,8.1999788900,1.100246,1244915,0
2019-03-01,8.1109562000,8.1801960700,8.0120421000,8.2494359400,-0.846441,1937630,0
2019-03-04,8.1505218400,8.1604132500,8.1208476100,8.3285672200,0.487804,3203400,0
2019-03-05,8.3186758100,8.1801960700,8.1406304300,8.3186758100,2.063108,2812767,0
2019-03-06,8.5560696500,8.3483500400,8.2692187600,8.5659610600,2.853743,3975353,0
2019-03-07,8.9517260500,8.5461782400,8.4571555500,8.9814002800,4.624284,4877436,0
2019-03-08,8.6055267000,8.7934634900,8.4076985000,9.3770566800,-3.867408,8338075,0
2019-03-11,8.9220518200,8.5066126000,8.4472641400,8.9418346400,3.678168,4754677,0
2019-03-12,8.9814002800,9.1297714300,8.7637892600,9.1495542500,0.665183,4645953,0
2019-03-13,8.9319432300,8.9517260500,8.7440064400,8.9814002800,-0.550663,3099536,0
2019-03-14,8.7242236200,8.9220518200,8.4670469600,8.9715088700,-2.325582,2666138,0
2019-03-15,8.9022690000,8.8330291300,8.7440064400,8.9517260500,2.040820,4260300,0
2019-03-18,9.0308573300,8.9814002800,8.8033549000,9.0407487400,1.444446,3242649,0
2019-03-19,9.0308573300,9.0704229700,8.8627033600,9.1000972000,0.000000,3083615,0
2019-03-20,8.9912916900,9.0110745100,8.8627033600,9.0605315600,-0.438116,2347887,0
2019-03-21,9.0605315600,9.0209659200,8.9220518200,9.1198800200,0.770074,3070425,0
2019-03-22,9.1099886100,9.0308573300,8.9616174600,9.1594456600,0.545854,2230449,0
2019-03-25,8.9715088700,8.9912916900,8.9220518200,9.2187941200,-1.520091,2422349,0
2019-03-26,8.7143322100,9.0308573300,8.6352009300,9.1000972000,-2.866585,2877638,0
2019-03-27,8.8132463100,8.7934634900,8.7044408000,8.8923775900,1.135067,1912300,0
2019-03-28,8.9814002800,8.8528119500,8.6055267000,9.1693370700,1.907969,5669260,0
2019-03-29,8.9912916900,8.8528119500,8.5956352900,9.0110745100,0.110135,3919691,0
2019-04-01,9.2979254000,9.0407487400,8.9814002800,9.4957536000,3.410335,4686167,0
2019-04-02,9.2583597600,9.2880339900,9.1990113000,9.4364051400,-0.425532,4025100,0
2019-04-03,9.2979254000,9.2583597600,9.1990113000,9.3177082200,0.427350,2448200,0
2019-04-04,9.2385769400,9.3078168100,9.1594456600,9.3572738600,-0.638292,2041549,0
2019-04-08,9.1396628400,9.2385769400,9.0209659200,9.2979254000,-1.070668,2434078,0
2019-04-09,9.2187941200,9.1297714300,9.1099886100,9.2781425800,0.865800,2049149,0
2019-04-10,9.2682511700,9.2187941200,9.1891198900,9.3572738600,0.536483,2986584,0
2019-04-11,9.3671652700,9.3177082200,9.1990113000,9.6639075700,1.067240,4366300,0
2019-04-12,9.0605315600,9.3078168100,9.0011831000,9.3078168100,-3.273500,3138167,0
2019-04-15,9.0605315600,9.1396628400,9.0011831000,9.1891198900,0.000000,2490671,0
2019-04-16,9.3374910400,9.0605315600,8.9319432300,9.4265137300,3.056766,3414100,0
2019-04-17,9.5946677000,9.2286855300,9.1594456600,9.7924959000,2.754240,9710087,0
2019-04-18,9.6045591100,9.4957536000,9.3572738600,9.7826044900,0.103095,4780687,0
2019-04-19,9.9606498700,9.5748848800,9.4561879600,10.0793467900,3.707514,5803263,0
2019-04-22,9.9013014100,10.0397811500,9.8221701300,10.2475007600,-0.595824,4650566,0
2019-04-23,9.4858621900,9.8815185900,9.3770566800,10.0298897400,-4.195805,3045900,0
2019-04-24,9.6836903900,9.5649934700,9.3671652700,9.7331474400,2.085504,2225720,0
2019-04-25,9.0011831000,9.5748848800,9.0011831000,9.6441247500,-7.048004,2538935,0
2019-04-26,8.6846579800,8.9220518200,8.6846579800,9.0407487400,-3.516490,1712400,0
2019-04-29,7.9922592800,8.5560696500,7.9625850500,8.6747665700,-7.972663,3166759,0
2019-04-30,8.3087844000,8.0120421000,8.0120421000,8.3186758100,3.960392,2103600,0
2019-05-06,7.6955169800,8.0516077400,7.5867114700,8.0911733800,-7.380946,2159823,0
2019-05-07,7.8537795400,7.7251912100,7.7251912100,7.9131280000,2.056553,745600,0
2019-05-08,8.0911733800,7.7449740300,7.6460599300,8.1109562000,3.022673,1069124,0
2019-05-09,7.9625850500,8.1109562000,7.9625850500,8.1505218400,-1.589244,763495,0
2019-05-10,8.2988929900,8.0911733800,7.9625850500,8.3087844000,4.223604,1010800,0
2019-05-13,8.1307390200,8.1703046600,8.0812819700,8.2395445300,-2.026222,498948,0
2019-05-14,8.1109562000,8.0812819700,8.0021506900,8.1505218400,-0.243315,566900,0
2019-05-15,8.2197617100,8.1604132500,8.1208476100,8.2988929900,1.341471,858700,0
2019-05-16,8.2395445300,8.3186758100,8.2098703000,8.3780242700,0.240668,1254700,0
2019-05-17,7.9823678700,8.2692187600,7.9032365900,8.3087844000,-3.121251,1244965,0
2019-05-20,7.8834537700,7.9131280000,7.5966028800,8.0516077400,-1.239156,696001,0
2019-05-21,8.0120421000,7.7251912100,7.7251912100,8.0516077400,1.631124,851700,0
2019-05-22,8.0417163300,7.9428022300,7.9131280000,8.1900874800,0.370367,702185,0
2019-05-23,7.8025558500,8.0217847500,7.7626960500,8.0217847500,-2.973975,602853,0
2019-05-24,7.8224857500,7.6530816000,7.6530816000,7.9221352500,0.255428,458690,0
2019-05-27,7.9719600000,7.8523806000,7.8523806000,8.0417146500,1.910829,901255,0
2019-05-28,7.9918899000,8.0018548500,7.9619950500,8.0516796000,0.250006,1618300,0
2019-05-29,8.1015043500,7.9819249500,7.9619950500,8.1214342500,1.371567,633000,0
2019-05-30,7.9819249500,8.0516796000,7.8723105000,8.0915394000,-1.476013,642600,0
2019-05-31,8.0317497000,7.9918899000,7.9221352500,8.1015043500,0.624222,589101,0
2019-06-03,7.9520301000,8.1214342500,7.8224857500,8.1612940500,-0.992561,1231700,0
2019-06-04,7.7626960500,8.0317497000,7.7328012000,8.0317497000,-2.380953,599358,0
2019-06-05,7.8523806000,7.8723105000,7.7427661500,7.9420651500,1.155329,598942,0
2019-06-06,8.1513291000,7.8523806000,7.8523806000,8.3306982000,3.807109,4969713,0
2019-06-10,8.2111188000,8.1015043500,7.9121703000,8.2709085000,0.733490,1689327,0
2019-06-11,8.3605930500,8.1612940500,8.1015043500,8.4702075000,1.820395,1960927,0
2019-06-12,8.2011538500,8.3506281000,8.1313992000,8.3506281000,-1.907042,1594500,0
2019-06-13,8.2410136500,8.2709085000,8.1413641500,8.2808734500,0.486038,1032351,0
2019-06-14,8.2210837500,8.2410136500,8.0815744500,8.2908384000,-0.241843,1465790,0
2019-06-17,8.4004528500,8.1911889000,8.1015043500,8.4104178000,2.181822,1480750,0
2019-06-18,8.5299972000,8.3406631500,8.2908384000,8.6196817500,1.542113,2261850,0
2019-06-19,8.5399621500,8.5997518500,8.4702075000,8.7492261000,0.116814,2942514,0
2019-06-20,8.6695065000,8.5399621500,8.4303477000,8.7591910500,1.516921,1542052,0
2019-06-21,8.7392611500,8.7691560000,8.6495766000,8.8189807500,0.804605,2279928,0
2019-06-24,8.7392611500,8.7591910500,8.6695065000,8.8488756000,0.000000,1290228,0
2019-06-25,8.7691560000,8.6595415500,8.6196817500,8.8189807500,0.342072,2725200,0
2019-06-26,8.7990508500,8.7591910500,8.7292962000,9.0282447000,0.340906,1885400,0
2019-06-27,8.8289457000,8.9285952000,8.7691560000,8.9983498500,0.339748,1126590,0
2019-06-28,8.7392611500,8.8289457000,8.6196817500,8.9385601500,-1.015792,996700,0
2019-07-01,8.8488756000,8.9186302500,8.8090158000,8.9485251000,1.254272,1392300,0
2019-07-02,8.7292962000,8.9186302500,8.7093663000,8.9186302500,-1.351350,1082427,0
2019-07-03,8.6695065000,8.7890859000,8.5997518500,8.7990508500,-0.684936,640600,0
2019-07-04,8.6296467000,8.6695065000,8.5798219500,8.7591910500,-0.459770,742500,0
2019-07-05,9.1677540000,8.8588405500,8.6794714500,9.2972983500,6.235566,5146049,0
2019-07-08,8.8090158000,9.1777189500,8.6495766000,9.3471231000,-3.913040,2795990,0
2019-07-09,8.7791209500,8.6495766000,8.6097168000,8.9186302500,-0.339363,1785900,0
2019-07-10,8.7691560000,8.7890859000,8.6794714500,8.8389106500,-0.113510,854499,0
2019-07-11,8.8189807500,8.7492261000,8.7093663000,8.8787704500,0.568184,887278,0
2019-07-12,8.8588405500,8.7990508500,8.6794714500,8.8588405500,0.451977,582049,0
2019-07-15,8.8488756000,8.7791209500,8.7392611500,8.9385601500,-0.112489,992524,0
2019-07-16,8.8588405500,8.7791209500,8.7791209500,8.9086653000,0.112615,427500,0
2019-07-17,8.8189807500,8.8090158000,8.8090158000,8.9086653000,-0.449943,509173,0
2019-07-18,8.8189807500,8.8688055000,8.5997518500,8.8987003500,0.000000,890500,0
2019-07-19,8.7890859000,8.7990508500,8.6994013500,8.9485251000,-0.338991,739200,0
2019-07-22,8.5200322500,8.8787704500,8.1712590000,8.8787704500,-3.061219,2291590,0
2019-07-23,8.7890859000,8.2509786000,8.2509786000,8.8688055000,3.157889,1534500,0
2019-07-24,8.9883849000,8.8289457000,8.8289457000,9.2175787500,2.267582,3940206,0
2019-07-25,8.9086653000,9.2873334000,8.8588405500,9.2873334000,-0.886928,604400,0
2019-07-26,8.8389106500,8.8987003500,8.8189807500,9.0282447000,-0.783000,445800,0
2019-07-29,8.8090158000,8.8289457000,8.5001023500,8.9086653000,-0.338216,471716,0
2019-07-30,8.6396116500,8.8987003500,8.5997518500,8.9186302500,-1.923100,1102300,0
2019-07-31,8.8488756000,8.7193312500,8.5997518500,8.9086653000,2.422100,880616,0
2019-08-01,8.9186302500,8.7890859000,8.7193312500,8.9485251000,0.788300,783500,0
2019-08-02,8.9186302500,8.7990508500,8.6994013500,8.9485251000,0.000000,822900,0
2019-08-05,8.9186302500,8.8787704500,8.7392611500,9.0282447000,0.000000,1216000,0
2019-08-06,8.9684550000,8.7791209500,8.6296467000,8.9784199500,0.558700,1426100,0
2019-08-07,9.0481746000,8.9485251000,8.9385601500,9.1876839000,0.888900,1366300,0
2019-08-08,9.1278942000,9.0481746000,8.9485251000,9.1378591500,0.881100,1299100,0
2019-08-09,9.1278942000,9.1478241000,9.0182797500,9.2175787500,0.000000,867700,0
2019-08-12,9.1677540000,9.0880344000,9.0581395500,9.1876839000,0.436700,919000,0
2019-08-13,9.3271932000,9.1677540000,9.0481746000,9.3271932000,1.739100,2374829,0
2019-08-14,9.4866324000,9.3172282500,9.3172282500,9.5464221000,1.709400,2509516,0
2019-08-15,9.5962468500,9.3969478500,9.1478241000,9.7158262500,1.155500,2416800,0
2019-08-16,9.6161767500,9.5663520000,9.4766674500,9.7656510000,0.207700,2035300,0
2019-08-19,10.2240387000,9.5464221000,9.5464221000,10.3236882000,6.321200,3392309,0
2019-08-20,10.5728119500,10.1243892000,10.0944943500,10.8319006500,3.411300,6053518,0
2019-08-21,10.1443191000,10.4133727500,10.0446696000,10.5130222500,-4.052800,3640680,0
2019-08-22,10.4631975000,10.1642490000,10.1243892000,10.4631975000,3.143400,2155035,0
2019-08-23,10.5329521500,10.4631975000,10.3137232500,10.5628470000,0.666700,1976003,0
2019-08-26,10.5927418500,10.4233377000,10.1343541500,10.6027068000,0.567600,1780200,0
2019-08-27,10.5927418500,10.6126717500,10.2638985000,11.2603935000,0.000000,7565414,0
2019-08-28,10.7422161000,10.4731624500,10.1742139500,10.8219357000,1.411100,3029304,0
2019-08-29,10.5927418500,10.5728119500,10.2439686000,10.6326016500,-1.391500,4563251,0
2019-08-30,10.4532325500,10.5628470000,10.2838284000,10.5628470000,-1.317000,1591700,0
2019-09-02,10.0645995000,10.4432676000,9.9450201000,10.5130222500,-3.717800,2288500,0
2019-09-03,9.7357561500,10.1443191000,9.6361066500,10.1443191000,-3.267300,2094400,0
2019-09-04,9.8254407000,9.7457211000,9.6460716000,9.8354056500,0.921200,1555800,0
2019-09-05,9.9549850500,9.8254407000,9.7756159500,10.0147747500,1.318500,1826700,0
2019-09-06,9.8553355500,9.8653005000,9.7656510000,9.9151252500,-1.001000,793600,0
2019-09-09,9.9250902000,9.8852304000,9.7756159500,9.9549850500,0.707800,1582800,0
2019-09-10,9.8453706000,9.9151252500,9.7656510000,9.9350551500,-0.803200,938949,0
2019-09-11,9.7357561500,9.8653005000,9.6859314000,9.8852304000,-1.113400,672200,0
2019-09-12,9.8254407000,9.7457211000,9.7158262500,9.8653005000,0.921200,628100,0
2019-09-16,9.5364571500,9.8752654500,9.5364571500,9.8752654500,-2.941200,1305000,0
2019-09-17,9.2972983500,9.5464221000,9.2773684500,9.5962468500,-2.507800,890700,0
2019-09-18,9.3172282500,9.3072633000,9.2175787500,9.3770179500,0.214400,693500,0
2019-09-19,9.4965973500,9.3172282500,9.2773684500,9.5065623000,1.925100,747449,0
2019-09-20,9.5065623000,9.5165272500,9.4667025000,9.6261417000,0.104900,599116,0
2019-09-23,9.6161767500,9.4866324000,9.3371581500,9.6261417000,1.153000,782516,0
2019-09-24,9.7457211000,9.5763169500,9.5065623000,10.5827769000,1.347200,2161358,0
2019-09-25,9.2674035000,9.5563870500,9.1478241000,9.8055108000,-4.908000,1539600,0
2019-09-26,9.2674035000,9.1677540000,9.0481746000,9.3172282500,0.000000,905300,0
2019-09-27,9.2972983500,9.2674035000,9.1278942000,9.3371581500,0.322600,450000,0
2019-09-30,9.2275437000,9.2972983500,8.8787704500,9.3471231000,-0.750300,1116100,0
2019-10-08,9.1976488500,9.1577890500,8.9983498500,9.2175787500,-0.324000,657600,0
2019-10-09,9.1179292500,9.1577890500,9.0182797500,9.1577890500,-0.866700,683300,0
2019-10-10,9.1378591500,9.1179292500,9.0282447000,9.1876839000,0.218600,538631,0
2019-10-11,9.2474736000,9.1876839000,9.0979993500,9.2972983500,1.199600,593955,0
2019-10-14,9.3371581500,9.2674035000,9.2474736000,9.3670530000,0.969800,509100,0
2019-10-15,9.3471231000,9.3471231000,9.2972983500,9.4069128000,0.106700,464600,0
2019-10-16,9.3770179500,9.2773684500,9.2773684500,9.3869829000,0.319800,481491,0
2019-10-17,9.4069128000,9.3670530000,9.2873334000,9.4168777500,0.318800,378957,0
2019-10-18,9.4168777500,9.4069128000,9.2972983500,9.4866324000,0.105900,527100,0
2019-10-21,9.3670530000,9.4368076500,9.3371581500,9.6460716000,-0.529100,668900,0
2019-10-22,9.2275437000,9.3471231000,9.0880344000,9.3471231000,-1.489400,883091,0
2019-10-23,9.1777189500,9.2375086500,9.0581395500,9.2574385500,-0.540000,598240,0
2019-10-24,9.1677540000,9.1677540000,9.0282447000,9.2175787500,-0.108600,467072,0
2019-10-25,9.1677540000,9.1777189500,9.0780694500,9.1976488500,0.000000,327200,0
2019-10-28,9.1876839000,9.1777189500,9.1677540000,9.3969478500,0.217400,683918,0
2019-10-29,9.1079643000,9.2275437000,9.0083148000,9.2275437000,-0.867700,628891,0
2019-10-30,9.0681045000,9.1179292500,8.8488756000,9.1179292500,-0.437600,584900,0
2019-10-31,9.0083148000,8.9684550000,8.9285952000,9.0581395500,-0.659300,373891,0
2019-11-01,8.9983498500,8.8887354000,8.8887354000,9.0581395500,-0.110600,301100,0
2019-11-04,8.9684550000,9.0681045000,8.9684550000,9.0681045000,-0.332200,245100,0
2019-11-05,8.8389106500,8.9684550000,8.6695065000,9.0581395500,-1.444400,389900,0
2019-11-06,8.8189807500,8.8887354000,8.8189807500,8.9485251000,-0.225500,426800,0
2019-11-07,8.7691560000,8.8488756000,8.6794714500,8.8488756000,-0.565000,480624,0
2019-11-08,8.8389106500,8.8488756000,8.7392611500,8.8887354000,0.795500,398500,0
2019-11-11,8.8389106500,8.7591910500,8.7193312500,8.9684550000,0.000000,2963200,0
2019-11-12,8.7691560000,8.8189807500,7.9520301000,8.8389106500,-0.789200,1111862,0
2019-11-13,9.1478241000,8.7691560000,8.5997518500,9.1478241000,4.318200,2041692,0
2019-11-14,9.6660015000,9.1378591500,9.0481746000,9.7357561500,5.664500,4033906,0
2019-11-15,9.5663520000,9.6660015000,9.4667025000,9.7556860500,-1.030900,2794616,0
2019-11-18,9.4667025000,9.5663520000,9.4069128000,9.7158262500,-1.041700,936700,0
2019-11-19,9.4866324000,9.4667025000,9.3670530000,9.6361066500,0.210500,1664300,0
2019-11-20,9.4667025000,9.5364571500,9.4069128000,9.6958963500,-0.210100,1706500,0
2019-11-21,9.6361066500,9.5663520000,9.3471231000,9.9450201000,1.789500,2896500,0
2019-11-22,9.6161767500,9.6660015000,9.5264922000,9.8154757500,-0.206800,1719820,0
2019-11-25,9.7855809000,9.7257912000,9.5663520000,9.9051603000,1.761700,2916820,0
2019-11-26,9.8752654500,9.7855809000,9.6660015000,9.9649500000,0.916500,2855447,0
2019-11-27,10.0745644500,9.9250902000,9.7656510000,10.1144242500,2.018200,3810200,0
2019-11-28,9.8752654500,10.1642490000,9.8453706000,10.1642490000,-1.978200,2538700,0
2019-11-29,9.9848799000,9.8453706000,9.7955458500,10.0645995000,1.110000,1895700,0
2019-12-02,10.1443191000,10.0944943500,10.0147747500,10.2240387000,1.596800,1848466,0
2019-12-03,10.2340036500,10.1642490000,10.0944943500,10.3535830500,0.884100,2420800,0
2019-12-04,10.4532325500,10.2439686000,10.1443191000,10.5030573000,2.142200,2416666,0
2019-12-05,10.4831274000,10.5429171000,10.3834779000,10.5927418500,0.286000,1515366,0
2019-12-06,10.6027068000,10.4831274000,10.4133727500,10.6824264000,1.140700,1605500,0
2019-12-09,10.5528820500,10.7123212500,10.5229872000,10.9415151000,-0.469900,2475436,0
2019-12-10,10.6425666000,10.5827769000,10.3735129500,10.6923913500,0.849900,2223073,0
2019-12-11,10.4133727500,10.7521810500,10.4133727500,10.8617955000,-2.153600,2753852,0
2019-12-12,10.1243892000,10.5229872000,10.1044593000,10.5229872000,-2.775100,2452300,0
2019-12-13,9.8453706000,10.1243892000,9.7756159500,10.2041088000,-2.755900,3468200,0
2019-12-16,9.7955458500,9.9250902000,9.7357561500,9.9450201000,-0.506100,2024673,0
2019-12-17,9.7855809000,9.8354056500,9.7357561500,9.8653005000,-0.101700,2046195,0
2019-12-18,9.7058613000,9.7756159500,9.6759664500,9.8154757500,-0.814700,1891166,0
2019-12-19,9.6958963500,9.7457211000,9.6560365500,9.7457211000,-0.102700,1325611,0
2019-12-20,9.6161767500,9.7357561500,9.5862819000,9.7556860500,-0.822200,1500339,0
2019-12-23,9.3371581500,9.6161767500,9.2674035000,9.6361066500,-2.901600,2313400,0
2019-12-24,9.4168777500,9.3371581500,9.2873334000,9.4268427000,0.853800,832900,0
2019-12-25,9.2773684500,9.4268427000,9.2674035000,9.4268427000,-1.481500,1158429,0
2019-12-26,9.2076138000,9.2773684500,9.1278942000,9.2773684500,-0.751900,1504210,0
2019-12-27,9.1079643000,9.2175787500,9.1079643000,9.2574385500,-1.082200,1252200,0
2019-12-30,9.1677540000,9.0382096500,8.9186302500,9.2076138000,0.656400,1494328,0
2019-12-31,9.2574385500,9.2175787500,9.1179292500,9.3072633000,0.978300,1278370,0
