date,close,open,low,high,pctChg,volume,isST
2010-01-04,11.2600000000,11.4500000000,11.2300000000,11.4500000000,-0.705500,4585444,0
2010-01-05,11.3500000000,11.2200000000,10.9200000000,11.3900000000,0.799300,6967339,0
2010-01-06,11.0100000000,11.3500000000,11.0100000000,11.3700000000,-2.995600,5554603,0
2010-01-07,10.4900000000,10.9700000000,10.4000000000,11.0900000000,-4.723000,7993444,0
2010-01-08,10.5300000000,10.4100000000,10.1900000000,10.6000000000,0.381300,5768671,0
2010-01-11,10.2800000000,10.4500000000,10.2000000000,10.6000000000,-2.374200,5010264,0
2010-01-12,10.5700000000,10.2600000000,10.2500000000,10.6500000000,2.821000,5517737,0
2010-01-13,10.3900000000,10.3900000000,10.2300000000,10.4800000000,-1.702900,5092065,0
2010-01-14,10.8200000000,10.3900000000,10.2700000000,10.8700000000,4.138600,6788597,0
2010-01-15,10.8500000000,10.8000000000,10.6700000000,10.9500000000,0.277300,4918803,0
2010-01-18,10.8300000000,10.8000000000,10.6900000000,11.1600000000,-0.184300,4828602,0
2010-01-19,10.6200000000,10.8800000000,10.5900000000,10.9800000000,-1.939100,4744448,0
2010-01-20,10.1900000000,10.6900000000,10.1600000000,10.7000000000,-4.049000,6124501,0
2010-01-21,10.2800000000,10.2000000000,10.1100000000,10.4700000000,0.883200,3980508,0
2010-01-22,9.8700000000,10.2800000000,9.5300000000,10.3500000000,-3.988300,8211235,0
2010-01-25,9.5600000000,9.7900000000,9.4500000000,9.9500000000,-3.140800,5657115,0
2010-01-26,9.3300000000,9.5500000000,9.1800000000,9.6300000000,-2.405900,3969384,0
2010-01-27,9.2500000000,9.3900000000,9.2000000000,9.5500000000,-0.857400,3863124,0
2010-01-28,9.3000000000,9.2500000000,9.2000000000,9.4400000000,0.540500,3677342,0
2010-01-29,8.9200000000,9.1800000000,8.9000000000,9.3000000000,-4.086000,8253612,0
2010-02-01,8.5700000000,8.7700000000,8.4800000000,8.8800000000,-3.923800,5392923,0
2010-02-02,8.6300000000,8.6600000000,8.5600000000,8.8400000000,0.700100,3426774,0
2010-02-03,8.7600000000,8.6300000000,8.2600000000,8.8700000000,1.506400,5000446,0
2010-02-04,8.8100000000,8.7500000000,8.6000000000,8.8800000000,0.570800,3762146,0
2010-02-05,8.4400000000,8.4500000000,8.3100000000,8.6400000000,-4.199800,3945163,0
2010-02-08,8.4900000000,8.4900000000,8.3700000000,8.5700000000,0.592400,1722341,0
2010-02-09,8.6600000000,8.4800000000,8.4200000000,8.7200000000,2.002400,3132261,0
2010-02-10,8.9600000000,8.7900000000,8.7500000000,9.0500000000,3.464200,5557745,0
2010-02-11,8.9800000000,8.9600000000,8.8000000000,9.0200000000,0.223200,3541151,0
2010-02-12,8.9900000000,8.9100000000,8.8700000000,9.0800000000,0.111400,1758177,0
2010-02-22,8.8500000000,8.9000000000,8.8300000000,9.0200000000,-1.557300,1818860,0
2010-02-23,8.9900000000,8.9000000000,8.6300000000,9.0600000000,1.581900,3281941,0
2010-02-24,9.2000000000,8.8800000000,8.8100000000,9.2900000000,2.335900,6511540,0
2010-02-25,9.3100000000,9.2000000000,9.1100000000,9.4700000000,1.195700,6431320,0
2010-02-26,9.3600000000,9.2500000000,9.1900000000,9.4300000000,0.537100,4049080,0
2010-03-01,9.5000000000,9.4500000000,9.3200000000,9.5700000000,1.495700,3428315,0
2010-03-02,9.3100000000,9.5800000000,9.2800000000,9.5800000000,-2.000000,3372422,0
2010-03-03,9.4300000000,9.2900000000,9.2300000000,9.4700000000,1.288900,2899766,0
2010-03-04,9.2200000000,9.4300000000,9.2000000000,9.7100000000,-2.226900,4368641,0
2010-03-05,9.0600000000,9.2500000000,8.9800000000,9.3500000000,-1.735400,4700750,0
2010-03-08,9.3000000000,9.1600000000,9.0500000000,9.3800000000,2.649000,5325539,0
2010-03-09,9.5200000000,9.3000000000,9.2900000000,9.6500000000,2.365600,10965673,0
2010-03-10,9.4300000000,9.5300000000,9.1900000000,9.6400000000,-0.945400,4845568,0
2010-03-11,9.3300000000,9.4400000000,9.2000000000,9.6000000000,-1.060400,5255779,0
2010-03-12,9.2600000000,9.3300000000,9.1100000000,9.3300000000,-0.750300,3486573,0
2010-03-15,9.2800000000,9.2400000000,9.1200000000,9.4000000000,0.216000,3531805,0
2010-03-16,9.4200000000,9.2800000000,9.2000000000,9.5000000000,1.508600,5256058,0
2010-03-17,9.5500000000,9.4100000000,9.3600000000,9.5600000000,1.380000,8749391,0
2010-03-18,9.5900000000,9.5600000000,9.4200000000,9.6000000000,0.418800,6992308,0
2010-03-19,9.5000000000,9.5400000000,9.4100000000,9.5800000000,-0.938500,3767858,0
2010-03-22,9.5000000000,9.5000000000,9.3900000000,9.5500000000,0.000000,3741717,0
2010-03-23,9.3700000000,9.4500000000,9.3600000000,9.5300000000,-1.368400,2774399,0
2010-03-24,9.2600000000,9.3700000000,9.2100000000,9.4000000000,-1.174000,5119351,0
2010-03-25,8.9200000000,9.2800000000,8.9000000000,9.2800000000,-3.671700,5485501,0
2010-03-26,9.1200000000,8.9000000000,8.8100000000,9.1500000000,2.242200,2805964,0
2010-03-29,9.2200000000,9.0300000000,9.0300000000,9.2900000000,1.096500,4148680,0
2010-03-30,9.2300000000,9.2400000000,9.2000000000,9.3300000000,0.108500,3515345,0
2010-03-31,9.4300000000,9.2400000000,9.2400000000,9.5000000000,2.166800,8539450,0
2010-04-01,10.0200000000,9.3800000000,9.3000000000,10.1400000000,6.256600,17976994,0
2010-04-02,10.0700000000,10.0300000000,9.8500000000,10.2800000000,0.499000,10341784,0
2010-04-06,10.0100000000,10.1000000000,9.9800000000,10.1500000000,-0.595800,6506037,0
2010-04-07,10.3300000000,10.0000000000,9.9800000000,10.4200000000,3.196800,9885259,0
2010-04-08,10.3000000000,10.3900000000,10.2400000000,10.6000000000,-0.290400,7845500,0
2010-04-09,10.3900000000,10.3500000000,10.0200000000,10.4800000000,0.873800,6784796,0
2010-04-12,10.3600000000,10.4000000000,10.3000000000,10.6400000000,-0.288700,6016520,0
2010-04-13,10.8100000000,10.3900000000,10.3700000000,10.8400000000,4.343600,12779226,0
2010-04-14,11.1100000000,10.7000000000,10.6600000000,11.2000000000,2.775200,10861721,0
2010-04-15,11.2800000000,11.1500000000,10.8700000000,11.3400000000,1.530200,11221126,0
2010-04-16,11.4500000000,11.2200000000,11.0000000000,11.5100000000,1.507100,10403315,0
2010-04-19,10.7300000000,11.3000000000,10.6600000000,11.3900000000,-6.288200,8548144,0
2010-04-20,10.9200000000,10.7400000000,10.6400000000,11.0500000000,1.770700,9269432,0
2010-04-21,11.0500000000,10.9000000000,10.6000000000,11.2200000000,1.190500,11509291,0
2010-04-22,11.0500000000,11.0500000000,11.0500000000,11.0500000000,0.000000,0,0
2010-04-23,11.8200000000,11.0000000000,11.0000000000,11.9000000000,6.968300,25364785,0
2010-04-26,11.7000000000,11.9000000000,11.5000000000,12.0500000000,-1.015200,11372301,0
2010-04-27,11.2900000000,11.6500000000,10.9700000000,11.6500000000,-3.504300,6262544,0
2010-04-28,11.3800000000,11.2000000000,11.0100000000,11.5300000000,0.797200,6931552,0
2010-04-29,10.7600000000,11.3800000000,10.7100000000,11.5700000000,-5.448200,6064262,0
2010-04-30,10.3600000000,10.7000000000,10.0500000000,10.8000000000,-3.717500,5025134,0
2010-05-04,10.7100000000,10.3800000000,10.1500000000,10.8500000000,3.378400,3695816,0
2010-05-05,10.9000000000,10.6000000000,10.4500000000,10.9900000000,1.774000,3988094,0
2010-05-06,10.2400000000,11.0000000000,10.1800000000,11.2500000000,-6.055000,7511807,0
2010-05-07,9.8700000000,10.0000000000,9.6700000000,10.1800000000,-3.613300,6027743,0
2010-05-10,9.6000000000,9.7500000000,9.3700000000,10.0600000000,-2.735600,4229770,0
2010-05-11,9.2100000000,9.8300000000,9.1500000000,9.9400000000,-4.062500,3079821,0
2010-05-12,8.9400000000,9.2200000000,8.6300000000,9.2200000000,-2.931600,5922425,0
2010-05-13,9.1600000000,8.9000000000,8.7000000000,9.2200000000,2.460900,5064740,0
2010-05-14,9.0000000000,9.1000000000,8.9000000000,9.3300000000,-1.746700,6186756,0
2010-05-17,8.1000000000,8.9000000000,8.1000000000,8.9000000000,-10.000000,4793406,0
2010-05-18,8.2000000000,8.1100000000,7.7000000000,8.2600000000,1.234600,5562992,0
2010-05-19,8.1300000000,8.1500000000,7.9600000000,8.3500000000,-0.853700,3681485,0
2010-05-20,8.1100000000,8.0500000000,7.9300000000,8.2500000000,-0.246000,2468310,0
2010-05-21,8.2600000000,7.9500000000,7.7000000000,8.2700000000,1.849600,5035236,0
2010-05-24,8.7000000000,8.3000000000,8.2700000000,8.7600000000,5.326900,5856588,0
2010-05-25,8.4400000000,8.6000000000,8.3000000000,8.6800000000,-2.988500,4344209,0
2010-05-26,8.7200000000,8.4700000000,8.4700000000,8.8800000000,3.317500,5860494,0
2010-05-27,8.7500000000,8.7700000000,8.5000000000,8.8300000000,0.344000,3723575,0
2010-05-28,8.7600000000,8.8000000000,8.6400000000,8.9200000000,0.114300,4977846,0
2010-05-31,8.2100000000,8.7200000000,8.1800000000,8.7200000000,-6.278500,4430726,0
2010-06-01,8.2000000000,8.0800000000,8.0000000000,8.4800000000,-0.121800,3691062,0
2010-06-02,8.5800000000,8.3400000000,8.2800000000,8.8800000000,4.634100,6834211,0
2010-06-03,8.3200000000,8.5000000000,8.2800000000,8.5500000000,-3.030300,4108031,0
2010-06-04,8.2600000000,8.1200000000,8.1000000000,8.4000000000,-0.721200,2559177,0
2010-06-07,8.0900000000,8.0900000000,7.9500000000,8.1800000000,-2.058100,2792924,0
2010-06-08,8.1700000000,8.0000000000,8.0000000000,8.2700000000,0.988900,1922683,0
2010-06-09,8.3800000000,8.2500000000,8.0900000000,8.4400000000,2.570380,3437612,0
2010-06-10,8.2900000000,8.3000000000,8.2000000000,8.3500000000,-1.074000,3428963,0
2010-06-11,8.3600000000,8.4300000000,8.2500000000,8.4300000000,0.844400,2373683,0
2010-06-17,8.2500000000,8.4100000000,8.2200000000,8.4700000000,-1.315800,2126408,0
2010-06-18,7.8200000000,8.2500000000,7.6900000000,8.2600000000,-5.212100,5852504,0
2010-06-21,7.9400000000,7.8100000000,7.6500000000,7.9700000000,1.534500,3205174,0
2010-06-22,8.0000000000,7.9800000000,7.9300000000,8.1800000000,0.755700,4248528,0
2010-06-23,8.0100000000,7.9600000000,7.8800000000,8.0900000000,0.125000,2669395,0
2010-06-24,8.0400000000,8.0100000000,8.0000000000,8.1000000000,0.374500,2821494,0
2010-06-25,7.8900000000,8.0400000000,7.8500000000,8.0400000000,-1.865700,2650480,0
2010-06-28,7.8300000000,7.8200000000,7.7500000000,7.9500000000,-0.760500,1717945,0
2010-06-29,7.1700000000,7.8700000000,7.0700000000,7.8700000000,-8.429100,3339073,0
2010-06-30,7.0000000000,7.1300000000,6.9900000000,7.1700000000,-2.371000,2094172,0
2010-07-01,7.0100000000,7.1100000000,6.8500000000,7.1500000000,0.142900,2077049,0
2010-07-02,7.3500000000,7.0000000000,6.8400000000,7.5100000000,4.850200,3430222,0
2010-07-05,7.5900000000,7.2400000000,7.1800000000,7.7900000000,3.265300,5140355,0
2010-07-06,7.6100000000,7.5100000000,7.3700000000,7.6800000000,0.263500,3151240,0
2010-07-07,7.5500000000,7.5500000000,7.4000000000,7.6700000000,-0.788400,2225259,0
2010-07-08,7.5300000000,7.6100000000,7.4700000000,7.6500000000,-0.264900,2232432,0
2010-07-09,7.6800000000,7.5000000000,7.4200000000,7.7300000000,1.992000,3261091,0
2010-07-12,8.0500000000,7.7200000000,7.7100000000,8.2500000000,4.817700,6413979,0
2010-07-13,8.0600000000,8.0500000000,7.8500000000,8.1700000000,0.124200,3926561,0
2010-07-14,8.2900000000,8.1000000000,8.1000000000,8.4600000000,2.853600,6256594,0
2010-07-15,8.0700000000,8.3000000000,8.0300000000,8.4200000000,-2.653800,3473520,0
2010-07-16,8.1700000000,8.0100000000,7.9500000000,8.2500000000,1.239162,2517341,0
2010-07-19,8.4100000000,8.1000000000,7.9800000000,8.4200000000,2.937600,5821080,0
2010-07-20,8.4800000000,8.4100000000,8.3600000000,8.5000000000,0.832300,4596137,0
2010-07-21,8.5600000000,8.4500000000,8.3500000000,8.5800000000,0.943400,3951072,0
2010-07-22,8.7400000000,8.5100000000,8.4600000000,8.8300000000,2.102800,5634301,0
2010-07-23,8.7100000000,8.7400000000,8.5500000000,8.8500000000,-0.343200,4644166,0
2010-07-26,8.7400000000,8.6700000000,8.6000000000,8.7900000000,0.344400,3383764,0
2010-07-27,9.0500000000,8.7400000000,8.5800000000,9.2500000000,3.546900,7779512,0
2010-07-28,9.1400000000,9.0100000000,8.8200000000,9.2800000000,0.994500,9003745,0
2010-07-29,9.3200000000,9.1200000000,9.1000000000,9.3800000000,1.969400,4876158,0
2010-07-30,9.2800000000,9.3800000000,9.1000000000,9.4200000000,-0.429200,3909784,0
2010-08-02,9.3400000000,9.3400000000,9.2300000000,9.4000000000,0.646600,3959328,0
2010-08-03,9.2500000000,9.3600000000,9.2000000000,9.3600000000,-0.963600,3859230,0
2010-08-04,9.2400000000,9.1900000000,8.9500000000,9.3900000000,-0.108100,4476211,0
2010-08-05,9.3900000000,9.2400000000,9.1500000000,9.5500000000,1.623400,5353066,0
2010-08-06,9.5700000000,9.3900000000,9.1300000000,9.5900000000,1.916900,6346020,0
2010-08-09,9.9100000000,9.5500000000,9.5000000000,10.1500000000,3.552800,9710287,0
2010-08-10,9.4600000000,9.8800000000,9.4000000000,9.9700000000,-4.540900,7726142,0
2010-08-11,9.6900000000,9.3700000000,9.3700000000,9.7500000000,2.431300,4135102,0
2010-08-12,9.5400000000,9.5900000000,9.4500000000,9.7500000000,-1.548000,3642897,0
2010-08-13,9.5800000000,9.4900000000,9.3700000000,9.7400000000,0.419300,5718076,0
2010-08-16,9.8100000000,9.5500000000,9.4000000000,9.8600000000,2.400800,7067910,0
2010-08-17,9.6300000000,9.7500000000,9.5600000000,9.8600000000,-1.834900,6920757,0
2010-08-18,9.6200000000,9.6900000000,9.4800000000,9.7400000000,-0.103800,4789497,0
2010-08-19,9.6500000000,9.6000000000,9.5300000000,9.8400000000,0.311900,4876235,0
2010-08-20,9.2400000000,9.5800000000,9.2100000000,9.7200000000,-4.248700,5042491,0
2010-08-23,9.1700000000,9.2400000000,9.1200000000,9.3800000000,-0.757600,3196671,0
2010-08-24,9.3000000000,9.1500000000,9.1200000000,9.3400000000,1.417700,4993499,0
2010-08-25,9.0600000000,9.2700000000,9.0000000000,9.2700000000,-2.580600,3555101,0
2010-08-26,9.1900000000,9.2500000000,9.0700000000,9.3000000000,1.434900,2337786,0
2010-08-27,9.2600000000,9.1900000000,9.0900000000,9.2700000000,0.761700,1880891,0
2010-08-30,9.4800000000,9.3100000000,9.2800000000,9.5500000000,2.375800,3604329,0
2010-08-31,9.6300000000,9.4800000000,9.3500000000,9.6700000000,1.582300,5081637,0
2010-09-01,9.4300000000,9.6100000000,9.3600000000,9.7200000000,-2.076800,4062914,0
2010-09-02,10.0900000000,9.5300000000,9.5300000000,10.2500000000,6.998900,13762722,0
2010-09-03,10.7500000000,10.1300000000,10.0500000000,10.9400000000,6.541100,14311044,0
2010-09-06,10.7500000000,10.8500000000,10.3800000000,10.9800000000,0.000000,7322262,0
2010-09-07,11.8300000000,10.7200000000,10.6100000000,11.8300000000,10.046500,17661556,0
2010-09-08,11.7800000000,11.9000000000,11.5500000000,11.9500000000,-0.422656,13791589,0
2010-09-09,11.4300000000,11.8200000000,11.3100000000,11.9100000000,-2.971100,9500479,0
2010-09-10,11.4300000000,11.4000000000,11.3200000000,11.7000000000,0.000000,8658142,0
2010-09-13,11.7800000000,11.4100000000,11.3500000000,11.9600000000,3.062100,8387997,0
2010-09-14,12.3500000000,11.7000000000,11.7000000000,12.5500000000,4.838700,14043064,0
2010-09-15,11.8700000000,12.3600000000,11.8000000000,12.3700000000,-3.886600,6905209,0
2010-09-16,11.8700000000,11.8700000000,11.8700000000,11.8700000000,0.000000,0,0
2010-09-17,11.4100000000,11.6000000000,10.9100000000,12.0900000000,-3.875300,9942155,0
2010-09-20,11.6400000000,11.2500000000,11.2500000000,11.8000000000,2.015800,6874661,0
2010-09-21,11.6600000000,11.6600000000,11.2900000000,11.8800000000,0.171800,3308070,0
2010-09-27,11.8300000000,11.8000000000,11.7500000000,12.1000000000,1.458000,3878146,0
2010-09-28,11.7000000000,11.8400000000,11.5300000000,11.8500000000,-1.098900,3085191,0
2010-09-29,11.4400000000,11.7000000000,11.3900000000,11.8700000000,-2.222200,2888260,0
2010-09-30,11.6200000000,11.4400000000,11.2200000000,11.8700000000,1.573400,3250842,0
2010-10-08,12.1900000000,11.8500000000,11.8100000000,12.2200000000,4.905300,7168555,0
2010-10-11,12.1500000000,12.3100000000,12.0100000000,12.5100000000,-0.328100,10319240,0
2010-10-12,12.6000000000,12.2000000000,12.1800000000,13.0000000000,3.703700,8713671,0
2010-10-13,12.9400000000,12.5800000000,12.3700000000,13.1500000000,2.698400,7732316,0
2010-10-14,12.0400000000,12.9100000000,11.7400000000,12.9600000000,-6.955200,9718353,0
2010-10-15,12.1100000000,11.9000000000,11.7100000000,12.4000000000,0.581400,8246219,0
2010-10-18,11.4000000000,12.1100000000,11.3100000000,12.1100000000,-5.862900,8972322,0
2010-10-19,12.0700000000,11.4000000000,11.3600000000,12.1000000000,5.877200,4479738,0
2010-10-20,13.0000000000,11.8100000000,11.7000000000,13.1000000000,7.705100,14667076,0
2010-10-21,13.4600000000,12.9000000000,12.8000000000,13.6800000000,3.538500,12047704,0
2010-10-22,13.5000000000,13.5000000000,13.2000000000,13.8200000000,0.297200,8154549,0
2010-10-25,13.9600000000,13.5200000000,13.5200000000,14.1200000000,3.407400,11106415,0
2010-10-26,14.0000000000,13.9600000000,13.7500000000,14.1500000000,0.286500,8658441,0
2010-10-27,14.0700000000,14.0200000000,13.8600000000,14.5500000000,0.500000,9303942,0
2010-10-28,14.0700000000,14.0700000000,14.0700000000,14.0700000000,0.000000,0,0
2010-10-29,14.0700000000,14.0700000000,14.0700000000,14.0700000000,0.000000,0,0
2010-11-01,14.0700000000,14.0700000000,14.0700000000,14.0700000000,0.000000,0,0
2010-11-02,14.0700000000,14.0700000000,14.0700000000,14.0700000000,0.000000,0,0
2010-11-03,14.0700000000,14.0700000000,14.0700000000,14.0700000000,0.000000,0,0
2010-11-04,14.0700000000,14.0700000000,14.0700000000,14.0700000000,0.000000,0,0
2010-11-05,14.0700000000,14.0700000000,14.0700000000,14.0700000000,0.000000,0,0
2010-11-08,14.0700000000,14.0700000000,14.0700000000,14.0700000000,0.000000,0,0
2010-11-09,14.0700000000,14.0700000000,14.0700000000,14.0700000000,0.000000,0,0
2010-11-10,14.0700000000,14.0700000000,14.0700000000,14.0700000000,0.000000,0,0
2010-11-11,14.0700000000,14.0700000000,14.0700000000,14.0700000000,0.000000,0,0
2010-11-12,14.0700000000,14.0700000000,14.0700000000,14.0700000000,0.000000,0,0
2010-11-15,14.0700000000,14.0700000000,14.0700000000,14.0700000000,0.000000,0,0
2010-11-16,14.0700000000,14.0700000000,14.0700000000,14.0700000000,0.000000,0,0
2010-11-17,14.0700000000,14.0700000000,14.0700000000,14.0700000000,0.000000,0,0
2010-11-18,14.0700000000,14.0700000000,14.0700000000,14.0700000000,0.000000,0,0
2010-11-19,14.0700000000,14.0700000000,14.0700000000,14.0700000000,0.000000,0,0
2010-11-22,14.0700000000,14.0700000000,14.0700000000,14.0700000000,0.000000,0,0
2010-11-23,14.0700000000,14.0700000000,14.0700000000,14.0700000000,0.000000,0,0
2010-11-24,14.0700000000,14.0700000000,14.0700000000,14.0700000000,0.000000,0,0
2010-11-25,14.0700000000,14.0700000000,14.0700000000,14.0700000000,0.000000,0,0
2010-11-26,14.0700000000,14.0700000000,14.0700000000,14.0700000000,0.000000,0,0
2010-11-29,14.0700000000,14.0700000000,14.0700000000,14.0700000000,0.000000,0,0
2010-11-30,14.0700000000,14.0700000000,14.0700000000,14.0700000000,0.000000,0,0
2010-12-01,14.0700000000,14.0700000000,14.0700000000,14.0700000000,0.000000,0,0
2010-12-02,14.0700000000,14.0700000000,14.0700000000,14.0700000000,0.000000,0,0
2010-12-03,14.0700000000,14.0700000000,14.0700000000,14.0700000000,0.000000,0,0
2010-12-06,14.0700000000,14.0700000000,14.0700000000,14.0700000000,0.000000,0,0
2010-12-07,14.0700000000,14.0700000000,14.0700000000,14.0700000000,0.000000,0,0
2010-12-08,14.0700000000,14.0700000000,14.0700000000,14.0700000000,0.000000,0,0
2010-12-09,14.0700000000,14.0700000000,14.0700000000,14.0700000000,0.000000,0,0
2010-12-10,14.0700000000,14.0700000000,14.0700000000,14.0700000000,0.000000,0,0
2010-12-13,14.0700000000,14.0700000000,14.0700000000,14.0700000000,0.000000,0,0
2010-12-14,14.0700000000,14.0700000000,14.0700000000,14.0700000000,0.000000,0,0
2010-12-15,14.0700000000,14.0700000000,14.0700000000,14.0700000000,0.000000,0,0
2010-12-16,14.0700000000,14.0700000000,14.0700000000,14.0700000000,0.000000,0,0
2010-12-17,14.0700000000,14.0700000000,14.0700000000,14.0700000000,0.000000,0,0
2010-12-20,14.0700000000,14.0700000000,14.0700000000,14.0700000000,0.000000,0,0
2010-12-21,14.0700000000,14.0700000000,14.0700000000,14.0700000000,0.000000,0,0
2010-12-22,14.0700000000,14.0700000000,14.0700000000,14.0700000000,0.000000,0,0
2010-12-23,14.0700000000,14.0700000000,14.0700000000,14.0700000000,0.000000,0,0
2010-12-24,14.0700000000,14.0700000000,14.0700000000,14.0700000000,0.000000,0,0
2010-12-27,14.0700000000,14.0700000000,14.0700000000,14.0700000000,0.000000,0,0
2010-12-28,14.0700000000,14.0700000000,14.0700000000,14.0700000000,0.000000,0,0
2010-12-29,14.0700000000,14.0700000000,14.0700000000,14.0700000000,0.000000,0,0
2010-12-30,14.0700000000,14.0700000000,14.0700000000,14.0700000000,0.000000,0,0
2010-12-31,14.0700000000,14.0700000000,14.0700000000,14.0700000000,0.000000,0,0
2011-01-04,14.0700000000,14.0700000000,14.0700000000,14.0700000000,0.000000,0,0
2011-01-05,14.0700000000,14.0700000000,14.0700000000,14.0700000000,0.000000,0,0
2011-01-06,14.0700000000,14.0700000000,14.0700000000,14.0700000000,0.000000,0,0
2011-01-07,14.0700000000,14.0700000000,14.0700000000,14.0700000000,0.000000,0,0
2011-01-10,14.0700000000,14.0700000000,14.0700000000,14.0700000000,0.000000,0,0
2011-01-11,14.0700000000,14.0700000000,14.0700000000,14.0700000000,0.000000,0,0
2011-01-12,14.0700000000,14.0700000000,14.0700000000,14.0700000000,0.000000,0,0
2011-01-13,14.0700000000,14.0700000000,14.0700000000,14.0700000000,0.000000,0,0
2011-01-14,14.0700000000,14.0700000000,14.0700000000,14.0700000000,0.000000,0,0
2011-01-17,14.0700000000,14.0700000000,14.0700000000,14.0700000000,0.000000,0,0
2011-01-18,14.0700000000,14.0700000000,14.0700000000,14.0700000000,0.000000,0,0
2011-01-19,14.0700000000,14.0700000000,14.0700000000,14.0700000000,0.000000,0,0
2011-01-20,14.0700000000,14.0700000000,14.0700000000,14.0700000000,0.000000,0,0
2011-01-21,14.0700000000,14.0700000000,14.0700000000,14.0700000000,0.000000,0,0
2011-01-24,14.0700000000,14.0700000000,14.0700000000,14.0700000000,0.000000,0,0
2011-01-25,14.0700000000,14.0700000000,14.0700000000,14.0700000000,0.000000,0,0
2011-01-26,14.0700000000,14.0700000000,14.0700000000,14.0700000000,0.000000,0,0
2011-01-27,14.0700000000,14.0700000000,14.0700000000,14.0700000000,0.000000,0,0
2011-01-28,14.0700000000,14.0700000000,14.0700000000,14.0700000000,0.000000,0,0
2011-01-31,14.0700000000,14.0700000000,14.0700000000,14.0700000000,0.000000,0,0
2011-02-01,14.0700000000,14.0700000000,14.0700000000,14.0700000000,0.000000,0,0
2011-02-09,14.0700000000,14.0700000000,14.0700000000,14.0700000000,0.000000,0,0
2011-02-10,14.0700000000,14.0700000000,14.0700000000,14.0700000000,0.000000,0,0
2011-02-11,14.0700000000,14.0700000000,14.0700000000,14.0700000000,0.000000,0,0
2011-02-14,14.0700000000,14.0700000000,14.0700000000,14.0700000000,0.000000,0,0
2011-02-15,14.0700000000,14.0700000000,14.0700000000,14.0700000000,0.000000,0,0
2011-02-16,14.0700000000,14.0700000000,14.0700000000,14.0700000000,0.000000,0,0
2011-02-17,14.0700000000,14.0700000000,14.0700000000,14.0700000000,0.000000,0,0
2011-02-18,14.0700000000,14.0700000000,14.0700000000,14.0700000000,0.000000,0,0
2011-02-21,14.0700000000,14.0700000000,14.0700000000,14.0700000000,0.000000,0,0
2011-02-22,14.0700000000,14.0700000000,14.0700000000,14.0700000000,0.000000,0,0
2011-02-23,14.0700000000,14.0700000000,14.0700000000,14.0700000000,0.000000,0,0
2011-02-24,14.0700000000,14.0700000000,14.0700000000,14.0700000000,0.000000,0,0
2011-02-25,14.0700000000,14.0700000000,14.0700000000,14.0700000000,0.000000,0,0
2011-02-28,14.0700000000,14.0700000000,14.0700000000,14.0700000000,0.000000,0,0
2011-03-01,14.0700000000,14.0700000000,14.0700000000,14.0700000000,0.000000,0,0
2011-03-02,14.0700000000,14.0700000000,14.0700000000,14.0700000000,0.000000,0,0
2011-03-03,14.0700000000,14.0700000000,14.0700000000,14.0700000000,0.000000,0,0
2011-03-04,14.0700000000,14.0700000000,14.0700000000,14.0700000000,0.000000,0,0
2011-03-07,14.0700000000,14.0700000000,14.0700000000,14.0700000000,0.000000,0,0
2011-03-08,14.0700000000,14.0700000000,14.0700000000,14.0700000000,0.000000,0,0
2011-03-09,14.0700000000,14.0700000000,14.0700000000,14.0700000000,0.000000,0,0
2011-03-10,14.0700000000,14.0700000000,14.0700000000,14.0700000000,0.000000,0,0
2011-03-11,14.0700000000,14.0700000000,14.0700000000,14.0700000000,0.000000,0,0
2011-03-14,14.0700000000,14.0700000000,14.0700000000,14.0700000000,0.000000,0,0
2011-03-15,14.0700000000,14.0700000000,14.0700000000,14.0700000000,0.000000,0,0
2011-03-16,14.0700000000,14.0700000000,14.0700000000,14.0700000000,0.000000,0,0
2011-03-17,14.0700000000,14.0700000000,14.0700000000,14.0700000000,0.000000,0,0
2011-03-18,14.0700000000,14.0700000000,14.0700000000,14.0700000000,0.000000,0,0
2011-03-21,14.0700000000,14.0700000000,14.0700000000,14.0700000000,0.000000,0,0
2011-03-22,14.0700000000,14.0700000000,14.0700000000,14.0700000000,0.000000,0,0
2011-03-23,14.4900000000,15.0000000000,14.0300000000,15.0000000000,2.985100,46487180,0
2011-03-24,15.9400000000,14.8200000000,14.6500000000,15.9400000000,10.006900,34985434,0
2011-03-25,15.9900000000,15.9900000000,15.6700000000,16.1900000000,0.313700,26622779,0
2011-03-28,15.5400000000,16.1000000000,15.4800000000,16.2400000000,-2.814300,17293757,0
2011-03-29,15.1500000000,15.5000000000,14.9200000000,15.6500000000,-2.509700,20018187,0
2011-03-30,15.2600000000,15.2300000000,15.0200000000,15.4000000000,0.726100,7835517,0
2011-03-31,15.4000000000,15.3000000000,15.2100000000,15.6200000000,0.917400,7389208,0
2011-04-01,15.4100000000,15.4200000000,15.2700000000,15.4900000000,0.064900,6309069,0
2011-04-06,15.4000000000,15.4800000000,15.3100000000,15.6700000000,-0.064900,8547466,0
2011-04-07,15.4200000000,15.4100000000,15.2100000000,15.4600000000,0.129900,6891792,0
2011-04-08,15.6600000000,15.4000000000,15.3500000000,15.7400000000,1.556400,7664469,0
2011-04-11,15.8000000000,15.6600000000,15.4600000000,15.8300000000,0.894000,8679501,0
2011-04-12,16.0000000000,15.7400000000,15.6700000000,16.2800000000,1.265800,9980129,0
2011-04-13,16.0400000000,15.9000000000,15.8300000000,16.1600000000,0.250000,7369372,0
2011-04-14,15.9900000000,16.0100000000,15.8900000000,16.0800000000,-0.311700,3825607,0
2011-04-15,15.8400000000,15.9600000000,15.7100000000,15.9700000000,-0.938100,5287738,0
2011-04-18,15.8400000000,15.8400000000,15.8400000000,15.8400000000,0.000000,0,0
2011-04-19,15.6400000000,15.7900000000,15.5500000000,15.7900000000,-1.262600,6306161,0
2011-04-20,15.5000000000,15.6300000000,15.4100000000,15.7200000000,-0.895100,8691424,0
2011-04-21,15.5800000000,15.5400000000,15.4000000000,15.6300000000,0.516100,3279043,0
2011-04-22,16.0100000000,15.5500000000,15.5300000000,16.0400000000,2.759900,7052768,0
2011-04-25,16.0000000000,15.9800000000,15.7800000000,16.1400000000,-0.062500,3851782,0
2011-04-26,15.8500000000,15.9900000000,15.8300000000,15.9900000000,-0.937500,2563831,0
2011-04-27,15.6300000000,15.8000000000,15.6200000000,15.8900000000,-1.388000,4555657,0
2011-04-28,15.6200000000,15.6300000000,15.5100000000,15.8700000000,-0.064000,3045976,0
2011-04-29,15.8000000000,15.5800000000,15.5600000000,15.8000000000,1.152400,2677357,0
2011-05-03,15.8000000000,15.8100000000,15.6100000000,15.8800000000,0.000000,1785841,0
2011-05-04,15.8200000000,15.7800000000,15.7100000000,15.8900000000,0.126600,4704402,0
2011-05-05,15.7000000000,15.7900000000,15.6400000000,15.8000000000,-0.758500,2299702,0
2011-05-06,15.5100000000,15.6600000000,15.4900000000,15.6900000000,-1.210200,4955131,0
2011-05-09,15.4400000000,15.4900000000,15.3300000000,15.5000000000,-0.451300,4926715,0
2011-05-10,15.6000000000,15.4100000000,15.4100000000,15.6000000000,1.036300,1367314,0
2011-05-11,15.5300000000,15.6100000000,15.4600000000,15.6100000000,-0.448700,1818052,0
2011-05-12,15.4700000000,15.4600000000,15.4600000000,15.5800000000,-0.386300,1449606,0
2011-05-13,15.5200000000,15.4600000000,15.4400000000,15.5600000000,0.323200,2149823,0
2011-05-16,15.6000000000,15.5100000000,15.5100000000,15.7200000000,0.515500,1978398,0
2011-05-17,15.4800000000,15.6000000000,15.3800000000,15.6100000000,-0.769200,2085675,0
2011-05-18,15.4100000000,15.4200000000,15.4000000000,15.5300000000,-0.452200,1876381,0
2011-05-19,15.4100000000,15.4200000000,15.3700000000,15.4800000000,0.000000,1901698,0
2011-05-20,15.4200000000,15.3800000000,15.3700000000,15.4400000000,0.064900,1104573,0
2011-05-23,15.2700000000,15.4100000000,15.1500000000,15.4100000000,-0.972800,2522380,0
2011-05-24,15.3100000000,15.2500000000,15.1600000000,15.3200000000,0.262000,3382923,0
2011-05-25,15.2000000000,15.2700000000,15.1800000000,15.3700000000,-0.718500,1233403,0
2011-05-26,15.0000000000,15.2600000000,14.9500000000,15.2600000000,-1.315800,3420100,0
2011-05-27,14.9900000000,15.0000000000,14.9000000000,15.0700000000,-0.066700,3775210,0
2011-05-30,15.0000000000,14.9900000000,14.9200000000,15.1000000000,0.066700,2215200,0
2011-05-31,15.1100000000,14.9600000000,14.9500000000,15.1400000000,0.733300,1238686,0
2011-06-01,15.2300000000,15.1000000000,15.0600000000,15.2400000000,0.794200,737241,0
2011-06-02,15.1400000000,15.1200000000,14.9900000000,15.1900000000,-0.590900,1298170,0
2011-06-03,15.1700000000,15.1400000000,15.0600000000,15.2200000000,0.198200,578520,0
2011-06-07,15.1500000000,15.1600000000,15.1000000000,15.2000000000,-0.131800,993316,0
2011-06-08,15.1600000000,15.1600000000,15.0700000000,15.1900000000,0.066000,850643,0
2011-06-09,15.1700000000,15.1800000000,15.1000000000,15.1800000000,0.066000,683927,0
2011-06-10,15.0500000000,15.1500000000,14.9100000000,15.1500000000,-0.791000,1850971,0
2011-06-13,15.6600000000,15.3900000000,15.3900000000,15.7500000000,4.053200,7155175,0
2011-06-14,15.6800000000,15.5200000000,15.4300000000,15.7300000000,0.127700,2856967,0
2011-06-15,15.4500000000,15.6000000000,15.4400000000,15.7000000000,-1.466800,1661174,0
2011-06-16,15.5300000000,15.4400000000,15.4100000000,15.8700000000,0.517800,2943071,0
2011-06-17,15.5400000000,15.5300000000,15.5300000000,15.7900000000,0.064400,1949108,0
2011-06-20,15.0600000000,15.5900000000,15.0000000000,15.6000000000,-3.088800,3752622,0
2011-06-21,15.2300000000,15.0800000000,15.0000000000,15.3000000000,1.128800,2127331,0
2011-06-22,15.1700000000,15.1800000000,15.0600000000,15.2200000000,-0.394000,978122,0
2011-06-23,15.2900000000,15.1200000000,15.0800000000,15.3400000000,0.791000,1130684,0
2011-06-24,15.7900000000,15.2800000000,15.2800000000,15.8500000000,3.270100,3491136,0
2011-06-27,15.7900000000,15.7900000000,15.7900000000,15.7900000000,0.000000,0,0
2011-06-28,15.7900000000,15.9600000000,15.7700000000,16.2400000000,0.000000,4470315,0
2011-06-29,15.6900000000,15.8500000000,15.6800000000,15.9500000000,-0.633300,1223392,0
2011-06-30,15.7000000000,15.7500000000,15.6500000000,15.7600000000,0.063700,1700513,0
2011-07-01,15.9900000000,15.6800000000,15.6800000000,16.1900000000,1.847100,3297450,0
2011-07-04,16.2600000000,16.1000000000,16.0400000000,16.3800000000,1.688600,4696621,0
2011-07-05,16.1800000000,16.2600000000,16.1000000000,16.3000000000,-0.492000,1425304,0
2011-07-06,16.5000000000,16.1800000000,16.1300000000,16.6100000000,1.977800,3427597,0
2011-07-07,17.3900000000,16.5000000000,16.5000000000,17.8000000000,5.393900,6266423,0
2011-07-08,17.3900000000,17.4300000000,17.1100000000,17.5500000000,0.000000,4547587,0
2011-07-11,17.9300000000,17.3900000000,17.3500000000,18.0900000000,3.105200,4767758,0
2011-07-12,17.9900000000,17.8000000000,17.7000000000,18.2500000000,0.334600,3160043,0
2011-07-13,17.9200000000,17.9800000000,17.6300000000,17.9900000000,-0.389100,3843238,0
2011-07-14,17.6900000000,17.8400000000,17.3000000000,18.0100000000,-1.283500,4883828,0
2011-07-15,17.5300000000,17.6300000000,17.4300000000,17.6800000000,-0.904500,5615628,0
2011-07-18,17.2600000000,17.5300000000,17.0100000000,17.5600000000,-1.540200,4755770,0
2011-07-19,17.1000000000,17.2400000000,16.9500000000,17.3000000000,-0.927000,2056326,0
2011-07-20,17.2300000000,17.1500000000,17.0100000000,17.3300000000,0.760200,1637726,0
2011-07-21,17.2300000000,17.1800000000,17.0900000000,17.3500000000,0.000000,1325570,0
2011-07-22,17.3800000000,17.2000000000,17.2000000000,17.5500000000,0.870600,1767507,0
2011-07-25,16.7500000000,17.3100000000,16.5800000000,17.3800000000,-3.624900,2994647,0
2011-07-26,16.5600000000,16.7200000000,16.5200000000,16.8900000000,-1.134300,1743583,0
2011-07-27,16.5500000000,16.5500000000,16.3600000000,16.5600000000,-0.060400,1783319,0
2011-07-28,16.6200000000,16.4300000000,16.2900000000,16.6500000000,0.423000,2356127,0
2011-07-29,16.6300000000,16.6000000000,16.3800000000,16.8000000000,0.060200,1939099,0
2011-08-01,16.6900000000,16.6300000000,16.5200000000,16.7700000000,0.360800,1304892,0
2011-08-02,16.5300000000,16.7000000000,16.3500000000,16.7000000000,-0.958700,1854751,0
2011-08-03,16.4900000000,16.4400000000,16.3800000000,16.5800000000,-0.242000,667565,0
2011-08-04,17.3900000000,16.5000000000,16.5000000000,17.4500000000,5.457900,2829261,0
2011-08-05,17.3900000000,17.0000000000,16.9300000000,17.5600000000,0.000000,2618160,0
2011-08-08,16.6800000000,17.2200000000,16.5000000000,17.2500000000,-4.082800,3712612,0
2011-08-09,16.5500000000,16.5000000000,16.2100000000,16.7000000000,-0.779400,2294354,0
2011-08-10,16.9800000000,16.7600000000,16.6800000000,17.1600000000,2.598200,1570880,0
2011-08-11,17.4900000000,16.8200000000,16.7200000000,17.5500000000,3.003500,2141315,0
2011-08-12,17.5000000000,17.6000000000,17.3600000000,17.6800000000,0.057200,1891354,0
2011-08-15,17.5200000000,17.5000000000,17.3200000000,17.5500000000,0.114300,1448965,0
2011-08-16,17.6000000000,17.5500000000,17.4300000000,17.6100000000,0.456600,988210,0
2011-08-17,17.4800000000,17.6000000000,17.4600000000,17.6000000000,-0.681800,942087,0
2011-08-18,17.0200000000,17.4600000000,17.0100000000,17.4600000000,-2.631600,1081694,0
2011-08-19,17.0000000000,16.8500000000,16.7800000000,17.0200000000,-0.117500,862705,0
2011-08-22,16.9000000000,16.9500000000,16.8900000000,17.1500000000,-0.588200,625453,0
2011-08-23,17.0500000000,16.9100000000,16.9100000000,17.0900000000,0.887600,712721,0
2011-08-24,17.0000000000,17.0900000000,16.9300000000,17.1500000000,-0.293300,441981,0
2011-08-25,17.3000000000,16.9300000000,16.9300000000,17.3800000000,1.764700,899205,0
2011-08-26,17.2500000000,17.3100000000,17.1600000000,17.3100000000,-0.289013,552021,0
2011-08-29,17.1200000000,17.2300000000,17.0300000000,17.2600000000,-0.753600,563483,0
2011-08-30,17.0900000000,17.1400000000,16.9800000000,17.4300000000,-0.175200,1211971,0
2011-08-31,17.1000000000,17.1600000000,16.9100000000,17.1600000000,0.058500,1188924,0
2011-09-01,17.0000000000,17.0200000000,16.9300000000,17.1800000000,-0.584800,1128811,0
2011-09-02,16.7500000000,16.9500000000,16.7100000000,17.0400000000,-1.470600,1032229,0
2011-09-05,16.2200000000,16.7100000000,16.2000000000,16.8400000000,-3.164200,2175716,0
2011-09-06,15.6300000000,16.0800000000,15.4500000000,16.1500000000,-3.637500,5401511,0
2011-09-07,15.9100000000,15.6300000000,15.6300000000,15.9200000000,1.791400,2648407,0
2011-09-08,16.1400000000,15.9200000000,15.9200000000,16.4400000000,1.445629,2674450,0
2011-09-09,15.8900000000,16.2500000000,15.7000000000,16.2800000000,-1.548900,1397333,0
2011-09-13,15.6800000000,15.5700000000,15.5700000000,15.8500000000,-1.321600,1593919,0
2011-09-14,15.9800000000,15.7300000000,15.7000000000,16.0600000000,1.913300,1303004,0
2011-09-15,16.0000000000,16.0400000000,15.9000000000,16.1500000000,0.125200,1415190,0
2011-09-16,16.0000000000,16.0000000000,16.0000000000,16.0000000000,0.000000,0,0
2011-09-19,15.9700000000,15.9000000000,15.8200000000,16.1400000000,-0.187500,1323904,0
2011-09-20,16.0000000000,15.9600000000,15.8800000000,16.0200000000,0.187900,911943,0
2011-09-21,16.1500000000,15.9200000000,15.9200000000,16.2300000000,0.937500,2393234,0
2011-09-22,15.7800000000,16.0800000000,15.7400000000,16.1500000000,-2.291000,1433726,0
2011-09-23,15.7100000000,15.6500000000,15.5200000000,15.7800000000,-0.443600,2569027,0
2011-09-26,15.6000000000,15.6700000000,15.5300000000,15.7000000000,-0.700200,1141074,0
2011-09-27,15.7700000000,15.6600000000,15.5200000000,15.7800000000,1.089700,1377351,0
2011-09-28,15.6100000000,15.7800000000,15.5000000000,15.7900000000,-1.014600,1102070,0
2011-09-29,15.4700000000,15.4600000000,15.3700000000,15.6500000000,-0.896900,1883454,0
2011-09-30,15.5200000000,15.5000000000,15.2300000000,15.5700000000,0.323200,1419322,0
2011-10-10,15.1800000000,15.4400000000,15.0700000000,15.5200000000,-2.190700,1254842,0
2011-10-11,15.1400000000,15.4000000000,15.1000000000,15.4400000000,-0.263500,923913,0
2011-10-12,15.5000000000,15.1200000000,15.0200000000,15.5900000000,2.377800,1332550,0
2011-10-13,15.8400000000,15.4900000000,15.4000000000,15.8700000000,2.193500,1790079,0
2011-10-14,15.7700000000,15.7300000000,15.6500000000,15.8200000000,-0.441900,937368,0
2011-10-17,15.7100000000,15.8700000000,15.6700000000,15.8900000000,-0.380500,815953,0
2011-10-18,15.6900000000,15.7100000000,15.5900000000,15.7800000000,-0.127300,1899752,0
2011-10-19,15.7200000000,15.7000000000,15.6200000000,15.8000000000,0.191200,503983,0
2011-10-20,15.5300000000,15.7200000000,15.3500000000,15.7200000000,-1.208700,1070647,0
2011-10-21,15.4900000000,15.4400000000,15.3500000000,15.5900000000,-0.257600,681834,0
2011-10-24,15.4500000000,15.4800000000,15.2500000000,15.6000000000,-0.258200,1969623,0
2011-10-25,15.8700000000,15.4600000000,15.3900000000,15.8900000000,2.718400,1560979,0
2011-10-26,15.9000000000,15.8800000000,15.7300000000,15.9900000000,0.189000,925444,0
2011-10-27,15.9400000000,15.8700000000,15.8200000000,15.9900000000,0.251600,671313,0
2011-10-28,15.9000000000,16.0000000000,15.8700000000,16.1400000000,-0.250900,1240622,0
2011-10-31,16.1300000000,15.8900000000,15.8900000000,16.3000000000,1.446500,1110472,0
2011-11-01,16.1300000000,16.0800000000,16.0000000000,16.2200000000,0.000000,1123775,0
2011-11-02,16.2800000000,16.0000000000,15.9100000000,16.3000000000,0.929900,945744,0
2011-11-03,16.2300000000,16.2300000000,16.1200000000,16.3600000000,-0.307100,1041747,0
2011-11-04,16.1000000000,16.2900000000,16.0400000000,16.2900000000,-0.801000,1111665,0
2011-11-07,16.0300000000,16.1500000000,15.9400000000,16.1500000000,-0.434800,664390,0
2011-11-08,15.9400000000,16.0400000000,15.8500000000,16.1000000000,-0.561400,455611,0
2011-11-09,16.2300000000,15.8700000000,15.8700000000,16.2500000000,1.819300,942686,0
2011-11-10,16.1300000000,16.0500000000,16.0500000000,16.2900000000,-0.616100,1324462,0
2011-11-11,16.1400000000,16.0300000000,16.0200000000,16.1400000000,0.062000,709350,0
2011-11-14,16.2300000000,16.1300000000,16.0700000000,16.2400000000,0.557600,781868,0
2011-11-15,16.2000000000,16.2600000000,16.0900000000,16.2600000000,-0.184800,568056,0
2011-11-16,16.0000000000,16.1600000000,15.9100000000,16.2000000000,-1.234600,976819,0
2011-11-17,16.1200000000,16.0000000000,15.9200000000,16.1400000000,0.750000,730967,0
2011-11-18,15.9400000000,16.0800000000,15.8800000000,16.0800000000,-1.116600,1192952,0
2011-11-21,16.0300000000,15.9900000000,15.9000000000,16.0300000000,0.564600,1276863,0
2011-11-22,15.9500000000,15.9900000000,15.8900000000,16.1200000000,-0.499100,852830,0
2011-11-23,15.9400000000,16.0200000000,15.8300000000,16.0200000000,-0.062700,378750,0
2011-11-24,15.8300000000,15.8400000000,15.6500000000,15.9100000000,-0.690100,645548,0
2011-11-25,15.7100000000,15.7200000000,15.6400000000,15.8700000000,-0.758100,283133,0
2011-11-28,15.6800000000,15.7900000000,15.6200000000,15.7900000000,-0.191000,272420,0
2011-11-29,15.6900000000,15.8000000000,15.6000000000,15.8000000000,0.063800,616631,0
2011-11-30,15.2900000000,15.6000000000,15.2200000000,15.7300000000,-2.549400,1055049,0
2011-12-01,15.4600000000,15.5100000000,15.3600000000,15.6400000000,1.111800,1570025,0
2011-12-02,15.3900000000,15.4600000000,15.2700000000,15.4600000000,-0.452800,402350,0
2011-12-05,15.2800000000,15.4000000000,15.2600000000,15.4000000000,-0.714700,705350,0
2011-12-06,15.2300000000,15.3500000000,15.1000000000,15.3500000000,-0.327200,453009,0
2011-12-07,15.2800000000,15.2000000000,15.1500000000,15.2900000000,0.328300,619305,0
2011-12-08,15.2300000000,15.2000000000,15.2000000000,15.3000000000,-0.327200,343049,0
2011-12-09,15.2000000000,15.2200000000,15.1800000000,15.2700000000,-0.197000,190929,0
2011-12-12,15.2500000000,15.1900000000,15.1500000000,15.2700000000,0.328900,749297,0
2011-12-13,14.9500000000,15.1500000000,14.8700000000,15.1900000000,-1.967200,2261012,0
2011-12-14,14.8800000000,14.9500000000,14.8600000000,14.9500000000,-0.468200,1428237,0
2011-12-15,14.8500000000,14.8800000000,14.7000000000,14.9000000000,-0.201600,2902478,0
2011-12-16,14.8400000000,14.8600000000,14.7200000000,14.8800000000,-0.067300,1921016,0
2011-12-19,14.8200000000,14.8100000000,14.6300000000,14.8400000000,-0.134800,1222501,0
2011-12-20,14.9000000000,14.8000000000,14.7200000000,14.9300000000,0.539800,1900508,0
2011-12-21,14.8000000000,14.9500000000,14.8000000000,14.9700000000,-0.671100,1309806,0
2011-12-22,14.7000000000,14.7300000000,14.5500000000,14.7800000000,-0.675700,1661426,0
2011-12-23,14.7100000000,14.7500000000,14.6300000000,14.7800000000,0.068000,796386,0
2011-12-26,14.6500000000,14.7000000000,14.5800000000,14.7000000000,-0.407900,649243,0
2011-12-27,14.7200000000,14.5900000000,14.5700000000,14.7500000000,0.477800,868168,0
2011-12-28,14.7200000000,14.7200000000,14.7200000000,14.7200000000,0.000000,0,0
2011-12-29,14.7200000000,14.7200000000,14.7200000000,14.7200000000,0.000000,0,0
2011-12-30,14.7200000000,14.7200000000,14.7200000000,14.7200000000,0.000000,0,0
2012-01-04,15.0800000000,15.1100000000,15.0300000000,15.4900000000,2.445700,3320726,0
2012-01-05,15.0800000000,15.0000000000,14.9700000000,15.1500000000,0.000000,1084719,0
2012-01-06,15.1100000000,15.0000000000,14.9000000000,15.1400000000,0.198900,965865,0
2012-01-09,15.1200000000,15.0900000000,14.9100000000,15.1300000000,0.066200,1676878,0
2012-01-10,15.2900000000,15.1300000000,15.0500000000,15.4100000000,1.124300,3274924,0
2012-01-11,15.1500000000,15.2100000000,15.1100000000,15.3300000000,-0.915600,1499171,0
2012-01-12,15.2200000000,15.1300000000,15.1200000000,15.2600000000,0.462000,899650,0
2012-01-13,15.1000000000,15.1700000000,15.0000000000,15.2400000000,-0.788400,1017725,0
2012-01-16,15.2000000000,15.1000000000,15.0600000000,15.2400000000,0.662300,1222639,0
2012-01-17,15.3600000000,15.2000000000,15.1800000000,15.4200000000,1.052600,1810884,0
2012-01-18,15.1800000000,15.2600000000,15.1800000000,15.3800000000,-1.171900,1241349,0
2012-01-19,15.3300000000,15.2300000000,15.2300000000,15.4000000000,0.988100,1658503,0
2012-01-20,15.5300000000,15.3000000000,15.3000000000,15.5400000000,1.304600,763364,0
2012-01-30,15.8000000000,15.5300000000,15.4300000000,15.9200000000,1.738600,1915649,0
2012-01-31,15.7100000000,15.8000000000,15.6400000000,15.8600000000,-0.569600,773975,0
2012-02-01,15.8500000000,16.1000000000,15.8200000000,16.2000000000,0.891200,3150480,0
2012-02-02,15.9500000000,15.8100000000,15.8100000000,16.0000000000,0.630900,1330692,0
2012-02-03,15.9800000000,15.9600000000,15.9200000000,16.0500000000,0.188100,1422174,0
2012-02-06,15.9200000000,16.0000000000,15.8900000000,16.0500000000,-0.375500,1014275,0
2012-02-07,16.1000000000,15.8900000000,15.8800000000,16.1800000000,1.130700,1534982,0
2012-02-08,16.2800000000,16.0800000000,16.0800000000,16.4300000000,1.118000,1977066,0
2012-02-09,16.1900000000,16.2300000000,16.0800000000,16.3700000000,-0.552800,1159708,0
2012-02-10,16.0900000000,16.1600000000,16.0500000000,16.2200000000,-0.617700,1144717,0
2012-02-13,16.1200000000,16.0900000000,15.9500000000,16.1900000000,0.186500,978490,0
2012-02-14,15.9700000000,16.0900000000,15.9600000000,16.1400000000,-0.930500,764975,0
2012-02-15,16.1400000000,15.9600000000,15.9500000000,16.1400000000,1.064500,974634,0
2012-02-16,16.0000000000,16.1000000000,15.9100000000,16.1400000000,-0.867400,730166,0
2012-02-17,16.2900000000,16.1200000000,16.0700000000,16.3700000000,1.812500,2129361,0
2012-02-20,16.3100000000,16.3800000000,16.2000000000,16.3900000000,0.122800,1641265,0
2012-02-21,16.7500000000,16.3000000000,16.3000000000,16.7700000000,2.697700,1825166,0
2012-02-22,16.7800000000,16.7500000000,16.6500000000,16.8500000000,0.179100,1562402,0
2012-02-23,16.7100000000,16.7900000000,16.6800000000,16.9500000000,-0.417200,1271570,0
2012-02-24,16.7800000000,16.7000000000,16.6000000000,16.8000000000,0.418900,2166220,0
2012-02-27,16.8600000000,16.8300000000,16.7400000000,17.2000000000,0.476800,4334605,0
2012-02-28,16.8200000000,16.7800000000,16.6900000000,16.8700000000,-0.237200,2048741,0
2012-02-29,16.8300000000,16.7800000000,16.7500000000,16.9000000000,0.059500,2179677,0
2012-03-01,16.9000000000,16.8400000000,16.7500000000,17.0800000000,0.415900,2524571,0
2012-03-02,17.0500000000,16.8600000000,16.8600000000,17.0600000000,0.887600,1676071,0
2012-03-05,18.3700000000,17.8400000000,17.3900000000,18.7600000000,7.741900,16633482,0
2012-03-06,17.8200000000,18.5300000000,17.7500000000,18.5300000000,-2.994000,10021591,0
2012-03-07,17.8200000000,17.8200000000,17.8200000000,17.8200000000,0.000000,0,0
2012-03-08,17.8200000000,17.8200000000,17.8200000000,17.8200000000,0.000000,0,0
2012-03-09,17.8200000000,17.8200000000,17.8200000000,17.8200000000,0.000000,0,0
2012-03-12,17.8200000000,17.8200000000,17.8200000000,17.8200000000,0.000000,0,0
2012-03-13,17.8200000000,17.8200000000,17.8200000000,17.8200000000,0.000000,0,0
2012-03-14,17.8200000000,17.8200000000,17.8200000000,17.8200000000,0.000000,0,0
2012-03-15,17.8200000000,17.8200000000,17.8200000000,17.8200000000,0.000000,0,0
2012-03-16,17.8200000000,17.8200000000,17.8200000000,17.8200000000,0.000000,0,0
2012-03-19,17.8200000000,17.8200000000,17.8200000000,17.8200000000,0.000000,0,0
